0.0 0.03923324973127911 1.0 0.07550422340975695
0.02 0.5762962962962963 0.8881278538812786 0.6990116801437556
0.04 0.6701940035273368 0.867579908675799 0.7562189054726368
0.06 0.7194656488549618 0.860730593607306 0.7837837837837837
0.08 0.7601626016260162 0.8538812785388128 0.8043010752688171
0.1 0.7740585774058577 0.8447488584474886 0.8078602620087336
0.12 0.7825159914712153 0.8378995433789954 0.8092613009922821
0.14 0.7854077253218884 0.8356164383561644 0.8097345132743364
0.16 0.7917570498915402 0.8333333333333334 0.8120133481646273
0.18 0.7916666666666666 0.8242009132420092 0.8076062639821028
0.2 0.8013392857142857 0.819634703196347 0.8103837471783296
0.22 0.8076923076923077 0.815068493150685 0.8113636363636363
0.24 0.8137931034482758 0.8082191780821918 0.8109965635738832
0.26 0.8194444444444444 0.8082191780821918 0.8137931034482759
0.28 0.8243559718969555 0.8036529680365296 0.8138728323699421
0.3 0.833729216152019 0.8013698630136986 0.8172293364377182
0.32 0.837708830548926 0.8013698630136986 0.8191365227537921
0.34 0.8455882352941176 0.7876712328767124 0.8156028368794328
0.36 0.8688946015424165 0.771689497716895 0.8174123337363967
0.38 0.8809523809523809 0.7602739726027398 0.8161764705882353
0.4 0.8823529411764706 0.7534246575342466 0.812807881773399
0.42 0.8864864864864865 0.7488584474885844 0.8118811881188119
0.44 0.8861788617886179 0.7465753424657534 0.8104089219330854
0.46 0.8901098901098901 0.7397260273972602 0.8079800498753117
0.48 0.8901098901098901 0.7397260273972602 0.8079800498753117
0.5 0.8922651933701657 0.7374429223744292 0.8075
0.52 0.8941504178272981 0.7328767123287672 0.8055207026348808
0.54 0.895774647887324 0.726027397260274 0.802017654476671
0.56 0.8983050847457628 0.726027397260274 0.803030303030303
0.58 0.9005681818181818 0.723744292237443 0.8025316455696202
0.6 0.9005681818181818 0.723744292237443 0.8025316455696202
0.62 0.9002849002849003 0.7214611872146118 0.8010139416983524
0.64 0.9022988505747126 0.7168949771689498 0.7989821882951654
0.66 0.9020172910662824 0.7146118721461188 0.7974522292993631
0.68 0.9008746355685131 0.7054794520547946 0.791293213828425
0.7 0.9002932551319648 0.7009132420091324 0.7881899871630296
0.72 0.8994082840236687 0.6940639269406392 0.7835051546391752
0.74 0.8991097922848664 0.6917808219178082 0.7819354838709677
0.76 0.9017857142857143 0.6917808219178082 0.7829457364341086
0.78 0.8850174216027874 0.5799086757990868 0.7006896551724138
0.8 0.8881118881118881 0.5799086757990868 0.701657458563536
0.82 0.887719298245614 0.5776255707762558 0.6998616874135547
0.84 0.8900709219858156 0.5730593607305936 0.6972222222222223
0.86 0.8953068592057761 0.5662100456621004 0.6937062937062937
0.88 0.8945454545454545 0.5616438356164384 0.6900420757363254
0.9 0.9 0.5547945205479452 0.6864406779661016
0.92 0.9080459770114943 0.541095890410959 0.6781115879828327
0.94 0.9098360655737705 0.5068493150684932 0.6510263929618769
0.96 0.912621359223301 0.4292237442922374 0.5838509316770185
0.98 0.967741935483871 0.2054794520547945 0.3389830508474576
