total fp is :118
140 1 (191_84,462)
154 2 (191_84,504)
155 3 (191_84,507)
161 4 (191_84,525)
167 5 (191_84,543)
229 6 (191_84,729)
234 7 (191_84,744)
235 8 (191_84,747)
236 9 (191_84,750)
237 10 (191_84,753)
238 11 (191_84,756)
253 12 (191_84,801)
254 13 (191_84,804)
259 14 (191_84,819)
284 15 (191_84,894)
296 16 (191_84,930)
297 17 (191_84,933)
741 18 (191_84,2285)
742 19 (191_84,2288)
744 20 (191_84,2294)
745 21 (191_84,2297)
1279 22 (191_84,3899)
1605 23 (191_84,4877)
1688 24 (191_84,5126)
1689 25 (191_84,5129)
1690 26 (191_84,5132)
1691 27 (191_84,5135)
1692 28 (191_84,5138)
1758 29 (191_84,5336)
1759 30 (191_84,5339)
1760 31 (191_84,5342)
1761 32 (191_84,5345)
2218 33 (191_85,940)
2235 34 (191_85,991)
2236 35 (191_85,994)
2237 36 (191_85,997)
2238 37 (191_85,1000)
2269 38 (191_85,1093)
2270 39 (191_85,1096)
2272 40 (191_85,1102)
2289 41 (191_85,1153)
2290 42 (191_85,1156)
2301 43 (191_85,1189)
2321 44 (191_85,1249)
2325 45 (191_85,1261)
2326 46 (191_85,1264)
2327 47 (191_85,1267)
2334 48 (191_85,1288)
2335 49 (191_85,1291)
4752 50 (191_85,8542)
4969 51 (191_85,9193)
5264 52 (191_85,10078)
5267 53 (191_85,10087)
5268 54 (191_85,10090)
5332 55 (191_85,10372)
5333 56 (191_85,10375)
5526 57 (191_86,392)
5527 58 (191_86,395)
5528 59 (191_86,398)
5529 60 (191_86,401)
5530 61 (191_86,404)
5531 62 (191_86,407)
5532 63 (191_86,410)
5607 64 (191_86,635)
5611 65 (191_86,647)
5626 66 (191_86,692)
5630 67 (191_86,704)
5643 68 (191_86,743)
9055 69 (191_86,10979)
9056 70 (191_86,10982)
9059 71 (191_86,10991)
9061 72 (191_86,10997)
9062 73 (191_86,11000)
9063 74 (191_86,11003)
9064 75 (191_86,11006)
9065 76 (191_86,11009)
9066 77 (191_86,11012)
9067 78 (191_86,11015)
9068 79 (191_86,11018)
9069 80 (191_86,11021)
9070 81 (191_86,11024)
9071 82 (191_86,11027)
9072 83 (191_86,11030)
9073 84 (191_86,11033)
9074 85 (191_86,11036)
9075 86 (191_86,11039)
9076 87 (191_86,11042)
9077 88 (191_86,11045)
9078 89 (191_86,11048)
9079 90 (191_86,11051)
9080 91 (191_86,11054)
9081 92 (191_86,11057)
9082 93 (191_86,11060)
9084 94 (191_86,11066)
9085 95 (191_86,11069)
9086 96 (191_86,11072)
9087 97 (191_86,11075)
9088 98 (191_86,11078)
9089 99 (191_86,11081)
9090 100 (191_86,11084)
9091 101 (191_86,11087)
9092 102 (191_86,11090)
10440 103 (191_86,15134)
10441 104 (191_86,15137)
10442 105 (191_86,15140)
10994 106 (191_86,16796)
11000 107 (191_86,16814)
11001 108 (191_86,16817)
11002 109 (191_86,16820)
11019 110 (191_86,16871)
11045 111 (191_86,16949)
11046 112 (191_86,16952)
11047 113 (191_86,16955)
11048 114 (191_86,16958)
11049 115 (191_86,16961)
11050 116 (191_86,16964)
11051 117 (191_86,16967)
11105 118 (191_86,17210)
total fn is :64
680 1 (191_84,2102)
681 2 (191_84,2105)
688 3 (191_84,2126)
689 4 (191_84,2129)
690 5 (191_84,2132)
691 6 (191_84,2135)
692 7 (191_84,2138)
693 8 (191_84,2141)
719 9 (191_84,2219)
720 10 (191_84,2222)
721 11 (191_84,2225)
722 12 (191_84,2228)
729 13 (191_84,2249)
1186 14 (191_84,3620)
1187 15 (191_84,3623)
1188 16 (191_84,3626)
1206 17 (191_84,3680)
1231 18 (191_84,3755)
4700 19 (191_85,8386)
4704 20 (191_85,8398)
4705 21 (191_85,8401)
4706 22 (191_85,8404)
5350 23 (191_85,10426)
5357 24 (191_85,10447)
5362 25 (191_85,10462)
5363 26 (191_85,10465)
5364 27 (191_85,10468)
5365 28 (191_85,10471)
5366 29 (191_85,10474)
5367 30 (191_85,10477)
5368 31 (191_85,10480)
5369 32 (191_85,10483)
5370 33 (191_85,10486)
5371 34 (191_85,10489)
5372 35 (191_85,10492)
5373 36 (191_85,10495)
5374 37 (191_85,10498)
5375 38 (191_85,10501)
5378 39 (191_85,10510)
5379 40 (191_85,10513)
5380 41 (191_85,10516)
5381 42 (191_85,10519)
5382 43 (191_85,10522)
8986 44 (191_86,10772)
8987 45 (191_86,10775)
8988 46 (191_86,10778)
8989 47 (191_86,10781)
8990 48 (191_86,10784)
8991 49 (191_86,10787)
8992 50 (191_86,10790)
8993 51 (191_86,10793)
9033 52 (191_86,10913)
9034 53 (191_86,10916)
10485 54 (191_86,15269)
10486 55 (191_86,15272)
10487 56 (191_86,15275)
10488 57 (191_86,15278)
10496 58 (191_86,15302)
10497 59 (191_86,15305)
10498 60 (191_86,15308)
10509 61 (191_86,15341)
10764 62 (191_86,16106)
10807 63 (191_86,16235)
10858 64 (191_86,16388)
