total fp is :31
1279 1 (191_84,3899)
1690 2 (191_84,5132)
1691 3 (191_84,5135)
5527 4 (191_86,395)
5528 5 (191_86,398)
5529 6 (191_86,401)
5530 7 (191_86,404)
9055 8 (191_86,10979)
9062 9 (191_86,11000)
9064 10 (191_86,11006)
9065 11 (191_86,11009)
9066 12 (191_86,11012)
9067 13 (191_86,11015)
9068 14 (191_86,11018)
9070 15 (191_86,11024)
9071 16 (191_86,11027)
9072 17 (191_86,11030)
9073 18 (191_86,11033)
9074 19 (191_86,11036)
9075 20 (191_86,11039)
9076 21 (191_86,11042)
9079 22 (191_86,11051)
9080 23 (191_86,11054)
9081 24 (191_86,11057)
9082 25 (191_86,11060)
9087 26 (191_86,11075)
9088 27 (191_86,11078)
9089 28 (191_86,11081)
9090 29 (191_86,11084)
11049 30 (191_86,16961)
11050 31 (191_86,16964)
total fn is :187
680 1 (191_84,2102)
681 2 (191_84,2105)
686 3 (191_84,2120)
687 4 (191_84,2123)
688 5 (191_84,2126)
689 6 (191_84,2129)
690 7 (191_84,2132)
691 8 (191_84,2135)
692 9 (191_84,2138)
693 10 (191_84,2141)
694 11 (191_84,2144)
695 12 (191_84,2147)
699 13 (191_84,2159)
710 14 (191_84,2192)
718 15 (191_84,2216)
719 16 (191_84,2219)
720 17 (191_84,2222)
721 18 (191_84,2225)
722 19 (191_84,2228)
727 20 (191_84,2243)
728 21 (191_84,2246)
729 22 (191_84,2249)
730 23 (191_84,2252)
731 24 (191_84,2255)
1186 25 (191_84,3620)
1187 26 (191_84,3623)
1188 27 (191_84,3626)
1189 28 (191_84,3629)
1202 29 (191_84,3668)
1203 30 (191_84,3671)
1204 31 (191_84,3674)
1205 32 (191_84,3677)
1206 33 (191_84,3680)
1213 34 (191_84,3701)
1220 35 (191_84,3722)
1221 36 (191_84,3725)
1222 37 (191_84,3728)
1223 38 (191_84,3731)
1227 39 (191_84,3743)
1229 40 (191_84,3749)
1230 41 (191_84,3752)
1231 42 (191_84,3755)
1257 43 (191_84,3833)
1258 44 (191_84,3836)
1259 45 (191_84,3839)
1260 46 (191_84,3842)
1261 47 (191_84,3845)
1262 48 (191_84,3848)
1263 49 (191_84,3851)
1264 50 (191_84,3854)
1265 51 (191_84,3857)
1266 52 (191_84,3860)
1267 53 (191_84,3863)
1268 54 (191_84,3866)
1269 55 (191_84,3869)
4700 56 (191_85,8386)
4701 57 (191_85,8389)
4702 58 (191_85,8392)
4703 59 (191_85,8395)
4704 60 (191_85,8398)
4705 61 (191_85,8401)
4706 62 (191_85,8404)
4708 63 (191_85,8410)
4730 64 (191_85,8476)
4731 65 (191_85,8479)
4732 66 (191_85,8482)
4733 67 (191_85,8485)
4734 68 (191_85,8488)
4735 69 (191_85,8491)
4736 70 (191_85,8494)
4737 71 (191_85,8497)
4738 72 (191_85,8500)
4739 73 (191_85,8503)
4740 74 (191_85,8506)
4741 75 (191_85,8509)
4742 76 (191_85,8512)
5350 77 (191_85,10426)
5351 78 (191_85,10429)
5357 79 (191_85,10447)
5358 80 (191_85,10450)
5359 81 (191_85,10453)
5360 82 (191_85,10456)
5361 83 (191_85,10459)
5362 84 (191_85,10462)
5363 85 (191_85,10465)
5364 86 (191_85,10468)
5365 87 (191_85,10471)
5366 88 (191_85,10474)
5367 89 (191_85,10477)
5368 90 (191_85,10480)
5369 91 (191_85,10483)
5370 92 (191_85,10486)
5371 93 (191_85,10489)
5372 94 (191_85,10492)
5373 95 (191_85,10495)
5374 96 (191_85,10498)
5375 97 (191_85,10501)
5376 98 (191_85,10504)
5377 99 (191_85,10507)
5378 100 (191_85,10510)
5379 101 (191_85,10513)
5380 102 (191_85,10516)
5381 103 (191_85,10519)
5382 104 (191_85,10522)
8986 105 (191_86,10772)
8987 106 (191_86,10775)
8988 107 (191_86,10778)
8989 108 (191_86,10781)
8990 109 (191_86,10784)
8991 110 (191_86,10787)
8992 111 (191_86,10790)
8993 112 (191_86,10793)
8994 113 (191_86,10796)
8995 114 (191_86,10799)
8997 115 (191_86,10805)
8998 116 (191_86,10808)
9001 117 (191_86,10817)
9003 118 (191_86,10823)
9026 119 (191_86,10892)
9027 120 (191_86,10895)
9028 121 (191_86,10898)
9029 122 (191_86,10901)
9030 123 (191_86,10904)
9031 124 (191_86,10907)
9032 125 (191_86,10910)
9033 126 (191_86,10913)
9034 127 (191_86,10916)
9035 128 (191_86,10919)
9036 129 (191_86,10922)
9037 130 (191_86,10925)
9038 131 (191_86,10928)
9039 132 (191_86,10931)
9040 133 (191_86,10934)
9041 134 (191_86,10937)
9042 135 (191_86,10940)
9043 136 (191_86,10943)
9048 137 (191_86,10958)
9049 138 (191_86,10961)
10485 139 (191_86,15269)
10486 140 (191_86,15272)
10487 141 (191_86,15275)
10488 142 (191_86,15278)
10489 143 (191_86,15281)
10495 144 (191_86,15299)
10496 145 (191_86,15302)
10497 146 (191_86,15305)
10498 147 (191_86,15308)
10499 148 (191_86,15311)
10506 149 (191_86,15332)
10507 150 (191_86,15335)
10508 151 (191_86,15338)
10509 152 (191_86,15341)
10510 153 (191_86,15344)
10516 154 (191_86,15362)
10517 155 (191_86,15365)
10518 156 (191_86,15368)
10519 157 (191_86,15371)
10764 158 (191_86,16106)
10765 159 (191_86,16109)
10767 160 (191_86,16115)
10768 161 (191_86,16118)
10769 162 (191_86,16121)
10775 163 (191_86,16139)
10780 164 (191_86,16154)
10783 165 (191_86,16163)
10798 166 (191_86,16208)
10799 167 (191_86,16211)
10807 168 (191_86,16235)
10808 169 (191_86,16238)
10832 170 (191_86,16310)
10833 171 (191_86,16313)
10834 172 (191_86,16316)
10835 173 (191_86,16319)
10836 174 (191_86,16322)
10837 175 (191_86,16325)
10838 176 (191_86,16328)
10839 177 (191_86,16331)
10840 178 (191_86,16334)
10841 179 (191_86,16337)
10842 180 (191_86,16340)
10843 181 (191_86,16343)
10844 182 (191_86,16346)
10854 183 (191_86,16376)
10855 184 (191_86,16379)
10856 185 (191_86,16382)
10857 186 (191_86,16385)
10858 187 (191_86,16388)
