total fp is :147
138 1 (191_84,456)
139 2 (191_84,459)
140 3 (191_84,462)
142 4 (191_84,468)
154 5 (191_84,504)
155 6 (191_84,507)
160 7 (191_84,522)
161 8 (191_84,525)
167 9 (191_84,543)
229 10 (191_84,729)
234 11 (191_84,744)
235 12 (191_84,747)
236 13 (191_84,750)
237 14 (191_84,753)
238 15 (191_84,756)
253 16 (191_84,801)
254 17 (191_84,804)
259 18 (191_84,819)
284 19 (191_84,894)
296 20 (191_84,930)
297 21 (191_84,933)
741 22 (191_84,2285)
742 23 (191_84,2288)
744 24 (191_84,2294)
745 25 (191_84,2297)
1003 26 (191_84,3071)
1279 27 (191_84,3899)
1526 28 (191_84,4640)
1584 29 (191_84,4814)
1604 30 (191_84,4874)
1605 31 (191_84,4877)
1675 32 (191_84,5087)
1687 33 (191_84,5123)
1688 34 (191_84,5126)
1689 35 (191_84,5129)
1690 36 (191_84,5132)
1691 37 (191_84,5135)
1692 38 (191_84,5138)
1758 39 (191_84,5336)
1759 40 (191_84,5339)
1760 41 (191_84,5342)
1761 42 (191_84,5345)
2218 43 (191_85,940)
2222 44 (191_85,952)
2223 45 (191_85,955)
2235 46 (191_85,991)
2236 47 (191_85,994)
2237 48 (191_85,997)
2238 49 (191_85,1000)
2246 50 (191_85,1024)
2269 51 (191_85,1093)
2270 52 (191_85,1096)
2272 53 (191_85,1102)
2289 54 (191_85,1153)
2290 55 (191_85,1156)
2301 56 (191_85,1189)
2321 57 (191_85,1249)
2322 58 (191_85,1252)
2325 59 (191_85,1261)
2326 60 (191_85,1264)
2327 61 (191_85,1267)
2334 62 (191_85,1288)
2335 63 (191_85,1291)
2391 64 (191_85,1459)
4752 65 (191_85,8542)
4969 66 (191_85,9193)
4970 67 (191_85,9196)
5018 68 (191_85,9340)
5127 69 (191_85,9667)
5264 70 (191_85,10078)
5267 71 (191_85,10087)
5268 72 (191_85,10090)
5332 73 (191_85,10372)
5333 74 (191_85,10375)
5334 75 (191_85,10378)
5347 76 (191_85,10417)
5526 77 (191_86,392)
5527 78 (191_86,395)
5528 79 (191_86,398)
5529 80 (191_86,401)
5530 81 (191_86,404)
5531 82 (191_86,407)
5532 83 (191_86,410)
5606 84 (191_86,632)
5607 85 (191_86,635)
5611 86 (191_86,647)
5626 87 (191_86,692)
5630 88 (191_86,704)
5643 89 (191_86,743)
5700 90 (191_86,914)
8769 91 (191_86,10121)
9055 92 (191_86,10979)
9056 93 (191_86,10982)
9059 94 (191_86,10991)
9061 95 (191_86,10997)
9062 96 (191_86,11000)
9063 97 (191_86,11003)
9064 98 (191_86,11006)
9065 99 (191_86,11009)
9066 100 (191_86,11012)
9067 101 (191_86,11015)
9068 102 (191_86,11018)
9069 103 (191_86,11021)
9070 104 (191_86,11024)
9071 105 (191_86,11027)
9072 106 (191_86,11030)
9073 107 (191_86,11033)
9074 108 (191_86,11036)
9075 109 (191_86,11039)
9076 110 (191_86,11042)
9077 111 (191_86,11045)
9078 112 (191_86,11048)
9079 113 (191_86,11051)
9080 114 (191_86,11054)
9081 115 (191_86,11057)
9082 116 (191_86,11060)
9084 117 (191_86,11066)
9085 118 (191_86,11069)
9086 119 (191_86,11072)
9087 120 (191_86,11075)
9088 121 (191_86,11078)
9089 122 (191_86,11081)
9090 123 (191_86,11084)
9091 124 (191_86,11087)
9092 125 (191_86,11090)
9356 126 (191_86,11882)
10220 127 (191_86,14474)
10291 128 (191_86,14687)
10429 129 (191_86,15101)
10440 130 (191_86,15134)
10441 131 (191_86,15137)
10442 132 (191_86,15140)
10718 133 (191_86,15968)
10927 134 (191_86,16595)
10994 135 (191_86,16796)
11000 136 (191_86,16814)
11001 137 (191_86,16817)
11002 138 (191_86,16820)
11019 139 (191_86,16871)
11045 140 (191_86,16949)
11046 141 (191_86,16952)
11047 142 (191_86,16955)
11048 143 (191_86,16958)
11049 144 (191_86,16961)
11050 145 (191_86,16964)
11051 146 (191_86,16967)
11105 147 (191_86,17210)
total fn is :61
681 1 (191_84,2105)
688 2 (191_84,2126)
689 3 (191_84,2129)
690 4 (191_84,2132)
691 5 (191_84,2135)
692 6 (191_84,2138)
693 7 (191_84,2141)
719 8 (191_84,2219)
720 9 (191_84,2222)
721 10 (191_84,2225)
722 11 (191_84,2228)
729 12 (191_84,2249)
1186 13 (191_84,3620)
1187 14 (191_84,3623)
1188 15 (191_84,3626)
1206 16 (191_84,3680)
4700 17 (191_85,8386)
4704 18 (191_85,8398)
4705 19 (191_85,8401)
4706 20 (191_85,8404)
5350 21 (191_85,10426)
5357 22 (191_85,10447)
5362 23 (191_85,10462)
5363 24 (191_85,10465)
5364 25 (191_85,10468)
5365 26 (191_85,10471)
5366 27 (191_85,10474)
5367 28 (191_85,10477)
5368 29 (191_85,10480)
5369 30 (191_85,10483)
5370 31 (191_85,10486)
5371 32 (191_85,10489)
5372 33 (191_85,10492)
5373 34 (191_85,10495)
5374 35 (191_85,10498)
5375 36 (191_85,10501)
5378 37 (191_85,10510)
5379 38 (191_85,10513)
5380 39 (191_85,10516)
5381 40 (191_85,10519)
5382 41 (191_85,10522)
8986 42 (191_86,10772)
8987 43 (191_86,10775)
8988 44 (191_86,10778)
8989 45 (191_86,10781)
8990 46 (191_86,10784)
8991 47 (191_86,10787)
8992 48 (191_86,10790)
8993 49 (191_86,10793)
9033 50 (191_86,10913)
9034 51 (191_86,10916)
10486 52 (191_86,15272)
10487 53 (191_86,15275)
10488 54 (191_86,15278)
10496 55 (191_86,15302)
10497 56 (191_86,15305)
10498 57 (191_86,15308)
10509 58 (191_86,15341)
10764 59 (191_86,16106)
10807 60 (191_86,16235)
10858 61 (191_86,16388)
