total fp is :22
1690 1 (191_84,5132)
1691 2 (191_84,5135)
5527 3 (191_86,395)
5528 4 (191_86,398)
5529 5 (191_86,401)
9055 6 (191_86,10979)
9062 7 (191_86,11000)
9067 8 (191_86,11015)
9068 9 (191_86,11018)
9070 10 (191_86,11024)
9071 11 (191_86,11027)
9072 12 (191_86,11030)
9073 13 (191_86,11033)
9074 14 (191_86,11036)
9075 15 (191_86,11039)
9079 16 (191_86,11051)
9080 17 (191_86,11054)
9088 18 (191_86,11078)
9089 19 (191_86,11081)
9090 20 (191_86,11084)
11049 21 (191_86,16961)
11050 22 (191_86,16964)
total fn is :216
680 1 (191_84,2102)
681 2 (191_84,2105)
682 3 (191_84,2108)
685 4 (191_84,2117)
686 5 (191_84,2120)
687 6 (191_84,2123)
688 7 (191_84,2126)
689 8 (191_84,2129)
690 9 (191_84,2132)
691 10 (191_84,2135)
692 11 (191_84,2138)
693 12 (191_84,2141)
694 13 (191_84,2144)
695 14 (191_84,2147)
696 15 (191_84,2150)
698 16 (191_84,2156)
699 17 (191_84,2159)
708 18 (191_84,2186)
710 19 (191_84,2192)
718 20 (191_84,2216)
719 21 (191_84,2219)
720 22 (191_84,2222)
721 23 (191_84,2225)
722 24 (191_84,2228)
723 25 (191_84,2231)
724 26 (191_84,2234)
727 27 (191_84,2243)
728 28 (191_84,2246)
729 29 (191_84,2249)
730 30 (191_84,2252)
731 31 (191_84,2255)
732 32 (191_84,2258)
1186 33 (191_84,3620)
1187 34 (191_84,3623)
1188 35 (191_84,3626)
1189 36 (191_84,3629)
1202 37 (191_84,3668)
1203 38 (191_84,3671)
1204 39 (191_84,3674)
1205 40 (191_84,3677)
1206 41 (191_84,3680)
1207 42 (191_84,3683)
1213 43 (191_84,3701)
1217 44 (191_84,3713)
1219 45 (191_84,3719)
1220 46 (191_84,3722)
1221 47 (191_84,3725)
1222 48 (191_84,3728)
1223 49 (191_84,3731)
1227 50 (191_84,3743)
1229 51 (191_84,3749)
1230 52 (191_84,3752)
1231 53 (191_84,3755)
1257 54 (191_84,3833)
1258 55 (191_84,3836)
1259 56 (191_84,3839)
1260 57 (191_84,3842)
1261 58 (191_84,3845)
1262 59 (191_84,3848)
1263 60 (191_84,3851)
1264 61 (191_84,3854)
1265 62 (191_84,3857)
1266 63 (191_84,3860)
1267 64 (191_84,3863)
1268 65 (191_84,3866)
1269 66 (191_84,3869)
1270 67 (191_84,3872)
1271 68 (191_84,3875)
4700 69 (191_85,8386)
4701 70 (191_85,8389)
4702 71 (191_85,8392)
4703 72 (191_85,8395)
4704 73 (191_85,8398)
4705 74 (191_85,8401)
4706 75 (191_85,8404)
4707 76 (191_85,8407)
4708 77 (191_85,8410)
4711 78 (191_85,8419)
4729 79 (191_85,8473)
4730 80 (191_85,8476)
4731 81 (191_85,8479)
4732 82 (191_85,8482)
4733 83 (191_85,8485)
4734 84 (191_85,8488)
4735 85 (191_85,8491)
4736 86 (191_85,8494)
4737 87 (191_85,8497)
4738 88 (191_85,8500)
4739 89 (191_85,8503)
4740 90 (191_85,8506)
4741 91 (191_85,8509)
4742 92 (191_85,8512)
4743 93 (191_85,8515)
5350 94 (191_85,10426)
5351 95 (191_85,10429)
5352 96 (191_85,10432)
5357 97 (191_85,10447)
5358 98 (191_85,10450)
5359 99 (191_85,10453)
5360 100 (191_85,10456)
5361 101 (191_85,10459)
5362 102 (191_85,10462)
5363 103 (191_85,10465)
5364 104 (191_85,10468)
5365 105 (191_85,10471)
5366 106 (191_85,10474)
5367 107 (191_85,10477)
5368 108 (191_85,10480)
5369 109 (191_85,10483)
5370 110 (191_85,10486)
5371 111 (191_85,10489)
5372 112 (191_85,10492)
5373 113 (191_85,10495)
5374 114 (191_85,10498)
5375 115 (191_85,10501)
5376 116 (191_85,10504)
5377 117 (191_85,10507)
5378 118 (191_85,10510)
5379 119 (191_85,10513)
5380 120 (191_85,10516)
5381 121 (191_85,10519)
5382 122 (191_85,10522)
8986 123 (191_86,10772)
8987 124 (191_86,10775)
8988 125 (191_86,10778)
8989 126 (191_86,10781)
8990 127 (191_86,10784)
8991 128 (191_86,10787)
8992 129 (191_86,10790)
8993 130 (191_86,10793)
8994 131 (191_86,10796)
8995 132 (191_86,10799)
8997 133 (191_86,10805)
8998 134 (191_86,10808)
8999 135 (191_86,10811)
9001 136 (191_86,10817)
9002 137 (191_86,10820)
9003 138 (191_86,10823)
9026 139 (191_86,10892)
9027 140 (191_86,10895)
9028 141 (191_86,10898)
9029 142 (191_86,10901)
9030 143 (191_86,10904)
9031 144 (191_86,10907)
9032 145 (191_86,10910)
9033 146 (191_86,10913)
9034 147 (191_86,10916)
9035 148 (191_86,10919)
9036 149 (191_86,10922)
9037 150 (191_86,10925)
9038 151 (191_86,10928)
9039 152 (191_86,10931)
9040 153 (191_86,10934)
9041 154 (191_86,10937)
9042 155 (191_86,10940)
9043 156 (191_86,10943)
9044 157 (191_86,10946)
9047 158 (191_86,10955)
9048 159 (191_86,10958)
9049 160 (191_86,10961)
10485 161 (191_86,15269)
10486 162 (191_86,15272)
10487 163 (191_86,15275)
10488 164 (191_86,15278)
10489 165 (191_86,15281)
10495 166 (191_86,15299)
10496 167 (191_86,15302)
10497 168 (191_86,15305)
10498 169 (191_86,15308)
10499 170 (191_86,15311)
10506 171 (191_86,15332)
10507 172 (191_86,15335)
10508 173 (191_86,15338)
10509 174 (191_86,15341)
10510 175 (191_86,15344)
10514 176 (191_86,15356)
10516 177 (191_86,15362)
10517 178 (191_86,15365)
10518 179 (191_86,15368)
10519 180 (191_86,15371)
10764 181 (191_86,16106)
10765 182 (191_86,16109)
10766 183 (191_86,16112)
10767 184 (191_86,16115)
10768 185 (191_86,16118)
10769 186 (191_86,16121)
10775 187 (191_86,16139)
10780 188 (191_86,16154)
10783 189 (191_86,16163)
10798 190 (191_86,16208)
10799 191 (191_86,16211)
10802 192 (191_86,16220)
10805 193 (191_86,16229)
10807 194 (191_86,16235)
10808 195 (191_86,16238)
10813 196 (191_86,16253)
10831 197 (191_86,16307)
10832 198 (191_86,16310)
10833 199 (191_86,16313)
10834 200 (191_86,16316)
10835 201 (191_86,16319)
10836 202 (191_86,16322)
10837 203 (191_86,16325)
10838 204 (191_86,16328)
10839 205 (191_86,16331)
10840 206 (191_86,16334)
10841 207 (191_86,16337)
10842 208 (191_86,16340)
10843 209 (191_86,16343)
10844 210 (191_86,16346)
10845 211 (191_86,16349)
10854 212 (191_86,16376)
10855 213 (191_86,16379)
10856 214 (191_86,16382)
10857 215 (191_86,16385)
10858 216 (191_86,16388)
