total fp is :96
155 1 (191_84,507)
161 2 (191_84,525)
229 3 (191_84,729)
234 4 (191_84,744)
235 5 (191_84,747)
236 6 (191_84,750)
237 7 (191_84,753)
238 8 (191_84,756)
254 9 (191_84,804)
259 10 (191_84,819)
284 11 (191_84,894)
296 12 (191_84,930)
297 13 (191_84,933)
741 14 (191_84,2285)
742 15 (191_84,2288)
745 16 (191_84,2297)
1279 17 (191_84,3899)
1605 18 (191_84,4877)
1689 19 (191_84,5129)
1690 20 (191_84,5132)
1691 21 (191_84,5135)
1692 22 (191_84,5138)
1758 23 (191_84,5336)
1759 24 (191_84,5339)
1760 25 (191_84,5342)
1761 26 (191_84,5345)
2235 27 (191_85,991)
2236 28 (191_85,994)
2237 29 (191_85,997)
2238 30 (191_85,1000)
2269 31 (191_85,1093)
2270 32 (191_85,1096)
2272 33 (191_85,1102)
2326 34 (191_85,1264)
2334 35 (191_85,1288)
4969 36 (191_85,9193)
5267 37 (191_85,10087)
5268 38 (191_85,10090)
5332 39 (191_85,10372)
5333 40 (191_85,10375)
5526 41 (191_86,392)
5527 42 (191_86,395)
5528 43 (191_86,398)
5529 44 (191_86,401)
5530 45 (191_86,404)
5531 46 (191_86,407)
5532 47 (191_86,410)
5607 48 (191_86,635)
5611 49 (191_86,647)
5626 50 (191_86,692)
9055 51 (191_86,10979)
9056 52 (191_86,10982)
9059 53 (191_86,10991)
9061 54 (191_86,10997)
9062 55 (191_86,11000)
9063 56 (191_86,11003)
9064 57 (191_86,11006)
9065 58 (191_86,11009)
9066 59 (191_86,11012)
9067 60 (191_86,11015)
9068 61 (191_86,11018)
9069 62 (191_86,11021)
9070 63 (191_86,11024)
9071 64 (191_86,11027)
9072 65 (191_86,11030)
9073 66 (191_86,11033)
9074 67 (191_86,11036)
9075 68 (191_86,11039)
9076 69 (191_86,11042)
9077 70 (191_86,11045)
9078 71 (191_86,11048)
9079 72 (191_86,11051)
9080 73 (191_86,11054)
9081 74 (191_86,11057)
9082 75 (191_86,11060)
9084 76 (191_86,11066)
9085 77 (191_86,11069)
9086 78 (191_86,11072)
9087 79 (191_86,11075)
9088 80 (191_86,11078)
9089 81 (191_86,11081)
9090 82 (191_86,11084)
9092 83 (191_86,11090)
10440 84 (191_86,15134)
10441 85 (191_86,15137)
10442 86 (191_86,15140)
11001 87 (191_86,16817)
11002 88 (191_86,16820)
11019 89 (191_86,16871)
11045 90 (191_86,16949)
11046 91 (191_86,16952)
11047 92 (191_86,16955)
11048 93 (191_86,16958)
11049 94 (191_86,16961)
11050 95 (191_86,16964)
11105 96 (191_86,17210)
total fn is :73
680 1 (191_84,2102)
681 2 (191_84,2105)
688 3 (191_84,2126)
689 4 (191_84,2129)
690 5 (191_84,2132)
691 6 (191_84,2135)
692 7 (191_84,2138)
693 8 (191_84,2141)
719 9 (191_84,2219)
720 10 (191_84,2222)
721 11 (191_84,2225)
722 12 (191_84,2228)
729 13 (191_84,2249)
1186 14 (191_84,3620)
1187 15 (191_84,3623)
1188 16 (191_84,3626)
1189 17 (191_84,3629)
1203 18 (191_84,3671)
1206 19 (191_84,3680)
1220 20 (191_84,3722)
1221 21 (191_84,3725)
1231 22 (191_84,3755)
4700 23 (191_85,8386)
4701 24 (191_85,8389)
4704 25 (191_85,8398)
4705 26 (191_85,8401)
4706 27 (191_85,8404)
5350 28 (191_85,10426)
5357 29 (191_85,10447)
5361 30 (191_85,10459)
5362 31 (191_85,10462)
5363 32 (191_85,10465)
5364 33 (191_85,10468)
5365 34 (191_85,10471)
5366 35 (191_85,10474)
5367 36 (191_85,10477)
5368 37 (191_85,10480)
5369 38 (191_85,10483)
5370 39 (191_85,10486)
5371 40 (191_85,10489)
5372 41 (191_85,10492)
5373 42 (191_85,10495)
5374 43 (191_85,10498)
5375 44 (191_85,10501)
5378 45 (191_85,10510)
5379 46 (191_85,10513)
5380 47 (191_85,10516)
5381 48 (191_85,10519)
5382 49 (191_85,10522)
8986 50 (191_86,10772)
8987 51 (191_86,10775)
8988 52 (191_86,10778)
8989 53 (191_86,10781)
8990 54 (191_86,10784)
8991 55 (191_86,10787)
8992 56 (191_86,10790)
8993 57 (191_86,10793)
8997 58 (191_86,10805)
9033 59 (191_86,10913)
9034 60 (191_86,10916)
10485 61 (191_86,15269)
10486 62 (191_86,15272)
10487 63 (191_86,15275)
10488 64 (191_86,15278)
10496 65 (191_86,15302)
10497 66 (191_86,15305)
10498 67 (191_86,15308)
10509 68 (191_86,15341)
10764 69 (191_86,16106)
10798 70 (191_86,16208)
10807 71 (191_86,16235)
10857 72 (191_86,16385)
10858 73 (191_86,16388)
