total fp is :81
161 1 (191_84,525)
229 2 (191_84,729)
237 3 (191_84,753)
238 4 (191_84,756)
254 5 (191_84,804)
296 6 (191_84,930)
297 7 (191_84,933)
741 8 (191_84,2285)
742 9 (191_84,2288)
745 10 (191_84,2297)
1279 11 (191_84,3899)
1605 12 (191_84,4877)
1689 13 (191_84,5129)
1690 14 (191_84,5132)
1691 15 (191_84,5135)
1758 16 (191_84,5336)
1759 17 (191_84,5339)
1760 18 (191_84,5342)
1761 19 (191_84,5345)
2235 20 (191_85,991)
2236 21 (191_85,994)
2237 22 (191_85,997)
2238 23 (191_85,1000)
2270 24 (191_85,1096)
2272 25 (191_85,1102)
2334 26 (191_85,1288)
5267 27 (191_85,10087)
5268 28 (191_85,10090)
5332 29 (191_85,10372)
5333 30 (191_85,10375)
5526 31 (191_86,392)
5527 32 (191_86,395)
5528 33 (191_86,398)
5529 34 (191_86,401)
5530 35 (191_86,404)
5531 36 (191_86,407)
5532 37 (191_86,410)
5607 38 (191_86,635)
5626 39 (191_86,692)
9055 40 (191_86,10979)
9056 41 (191_86,10982)
9059 42 (191_86,10991)
9061 43 (191_86,10997)
9062 44 (191_86,11000)
9063 45 (191_86,11003)
9064 46 (191_86,11006)
9065 47 (191_86,11009)
9066 48 (191_86,11012)
9067 49 (191_86,11015)
9068 50 (191_86,11018)
9070 51 (191_86,11024)
9071 52 (191_86,11027)
9072 53 (191_86,11030)
9073 54 (191_86,11033)
9074 55 (191_86,11036)
9075 56 (191_86,11039)
9076 57 (191_86,11042)
9077 58 (191_86,11045)
9078 59 (191_86,11048)
9079 60 (191_86,11051)
9080 61 (191_86,11054)
9081 62 (191_86,11057)
9082 63 (191_86,11060)
9084 64 (191_86,11066)
9085 65 (191_86,11069)
9086 66 (191_86,11072)
9087 67 (191_86,11075)
9088 68 (191_86,11078)
9089 69 (191_86,11081)
9090 70 (191_86,11084)
10441 71 (191_86,15137)
11001 72 (191_86,16817)
11002 73 (191_86,16820)
11019 74 (191_86,16871)
11045 75 (191_86,16949)
11046 76 (191_86,16952)
11047 77 (191_86,16955)
11048 78 (191_86,16958)
11049 79 (191_86,16961)
11050 80 (191_86,16964)
11105 81 (191_86,17210)
total fn is :84
680 1 (191_84,2102)
681 2 (191_84,2105)
688 3 (191_84,2126)
689 4 (191_84,2129)
690 5 (191_84,2132)
691 6 (191_84,2135)
692 7 (191_84,2138)
693 8 (191_84,2141)
719 9 (191_84,2219)
720 10 (191_84,2222)
721 11 (191_84,2225)
722 12 (191_84,2228)
727 13 (191_84,2243)
729 14 (191_84,2249)
1186 15 (191_84,3620)
1187 16 (191_84,3623)
1188 17 (191_84,3626)
1189 18 (191_84,3629)
1202 19 (191_84,3668)
1203 20 (191_84,3671)
1204 21 (191_84,3674)
1206 22 (191_84,3680)
1220 23 (191_84,3722)
1221 24 (191_84,3725)
1231 25 (191_84,3755)
4700 26 (191_85,8386)
4701 27 (191_85,8389)
4704 28 (191_85,8398)
4705 29 (191_85,8401)
4706 30 (191_85,8404)
5350 31 (191_85,10426)
5357 32 (191_85,10447)
5361 33 (191_85,10459)
5362 34 (191_85,10462)
5363 35 (191_85,10465)
5364 36 (191_85,10468)
5365 37 (191_85,10471)
5366 38 (191_85,10474)
5367 39 (191_85,10477)
5368 40 (191_85,10480)
5369 41 (191_85,10483)
5370 42 (191_85,10486)
5371 43 (191_85,10489)
5372 44 (191_85,10492)
5373 45 (191_85,10495)
5374 46 (191_85,10498)
5375 47 (191_85,10501)
5376 48 (191_85,10504)
5377 49 (191_85,10507)
5378 50 (191_85,10510)
5379 51 (191_85,10513)
5380 52 (191_85,10516)
5381 53 (191_85,10519)
5382 54 (191_85,10522)
8986 55 (191_86,10772)
8987 56 (191_86,10775)
8988 57 (191_86,10778)
8989 58 (191_86,10781)
8990 59 (191_86,10784)
8991 60 (191_86,10787)
8992 61 (191_86,10790)
8993 62 (191_86,10793)
8997 63 (191_86,10805)
9033 64 (191_86,10913)
9034 65 (191_86,10916)
9035 66 (191_86,10919)
9041 67 (191_86,10937)
10485 68 (191_86,15269)
10486 69 (191_86,15272)
10487 70 (191_86,15275)
10488 71 (191_86,15278)
10496 72 (191_86,15302)
10497 73 (191_86,15305)
10498 74 (191_86,15308)
10507 75 (191_86,15335)
10509 76 (191_86,15341)
10764 77 (191_86,16106)
10765 78 (191_86,16109)
10798 79 (191_86,16208)
10807 80 (191_86,16235)
10855 81 (191_86,16379)
10856 82 (191_86,16382)
10857 83 (191_86,16385)
10858 84 (191_86,16388)
