total fp is :35
1279 1 (191_84,3899)
1689 2 (191_84,5129)
1690 3 (191_84,5132)
1691 4 (191_84,5135)
5526 5 (191_86,392)
5527 6 (191_86,395)
5528 7 (191_86,398)
5529 8 (191_86,401)
5530 9 (191_86,404)
5531 10 (191_86,407)
9055 11 (191_86,10979)
9062 12 (191_86,11000)
9064 13 (191_86,11006)
9065 14 (191_86,11009)
9066 15 (191_86,11012)
9067 16 (191_86,11015)
9068 17 (191_86,11018)
9070 18 (191_86,11024)
9071 19 (191_86,11027)
9072 20 (191_86,11030)
9073 21 (191_86,11033)
9074 22 (191_86,11036)
9075 23 (191_86,11039)
9076 24 (191_86,11042)
9079 25 (191_86,11051)
9080 26 (191_86,11054)
9081 27 (191_86,11057)
9082 28 (191_86,11060)
9085 29 (191_86,11069)
9087 30 (191_86,11075)
9088 31 (191_86,11078)
9089 32 (191_86,11081)
9090 33 (191_86,11084)
11049 34 (191_86,16961)
11050 35 (191_86,16964)
total fn is :122
680 1 (191_84,2102)
681 2 (191_84,2105)
687 3 (191_84,2123)
688 4 (191_84,2126)
689 5 (191_84,2129)
690 6 (191_84,2132)
691 7 (191_84,2135)
692 8 (191_84,2138)
693 9 (191_84,2141)
694 10 (191_84,2144)
695 11 (191_84,2147)
699 12 (191_84,2159)
710 13 (191_84,2192)
719 14 (191_84,2219)
720 15 (191_84,2222)
721 16 (191_84,2225)
722 17 (191_84,2228)
727 18 (191_84,2243)
728 19 (191_84,2246)
729 20 (191_84,2249)
730 21 (191_84,2252)
1186 22 (191_84,3620)
1187 23 (191_84,3623)
1188 24 (191_84,3626)
1189 25 (191_84,3629)
1202 26 (191_84,3668)
1203 27 (191_84,3671)
1204 28 (191_84,3674)
1205 29 (191_84,3677)
1206 30 (191_84,3680)
1220 31 (191_84,3722)
1221 32 (191_84,3725)
1222 33 (191_84,3728)
1223 34 (191_84,3731)
1230 35 (191_84,3752)
1231 36 (191_84,3755)
4700 37 (191_85,8386)
4701 38 (191_85,8389)
4702 39 (191_85,8392)
4704 40 (191_85,8398)
4705 41 (191_85,8401)
4706 42 (191_85,8404)
4708 43 (191_85,8410)
5350 44 (191_85,10426)
5351 45 (191_85,10429)
5357 46 (191_85,10447)
5358 47 (191_85,10450)
5359 48 (191_85,10453)
5360 49 (191_85,10456)
5361 50 (191_85,10459)
5362 51 (191_85,10462)
5363 52 (191_85,10465)
5364 53 (191_85,10468)
5365 54 (191_85,10471)
5366 55 (191_85,10474)
5367 56 (191_85,10477)
5368 57 (191_85,10480)
5369 58 (191_85,10483)
5370 59 (191_85,10486)
5371 60 (191_85,10489)
5372 61 (191_85,10492)
5373 62 (191_85,10495)
5374 63 (191_85,10498)
5375 64 (191_85,10501)
5376 65 (191_85,10504)
5377 66 (191_85,10507)
5378 67 (191_85,10510)
5379 68 (191_85,10513)
5380 69 (191_85,10516)
5381 70 (191_85,10519)
5382 71 (191_85,10522)
8986 72 (191_86,10772)
8987 73 (191_86,10775)
8988 74 (191_86,10778)
8989 75 (191_86,10781)
8990 76 (191_86,10784)
8991 77 (191_86,10787)
8992 78 (191_86,10790)
8993 79 (191_86,10793)
8994 80 (191_86,10796)
8997 81 (191_86,10805)
8998 82 (191_86,10808)
9001 83 (191_86,10817)
9033 84 (191_86,10913)
9034 85 (191_86,10916)
9035 86 (191_86,10919)
9036 87 (191_86,10922)
9037 88 (191_86,10925)
9038 89 (191_86,10928)
9041 90 (191_86,10937)
9042 91 (191_86,10940)
9043 92 (191_86,10943)
10485 93 (191_86,15269)
10486 94 (191_86,15272)
10487 95 (191_86,15275)
10488 96 (191_86,15278)
10489 97 (191_86,15281)
10496 98 (191_86,15302)
10497 99 (191_86,15305)
10498 100 (191_86,15308)
10499 101 (191_86,15311)
10506 102 (191_86,15332)
10507 103 (191_86,15335)
10508 104 (191_86,15338)
10509 105 (191_86,15341)
10516 106 (191_86,15362)
10517 107 (191_86,15365)
10519 108 (191_86,15371)
10764 109 (191_86,16106)
10765 110 (191_86,16109)
10767 111 (191_86,16115)
10768 112 (191_86,16118)
10769 113 (191_86,16121)
10775 114 (191_86,16139)
10783 115 (191_86,16163)
10798 116 (191_86,16208)
10799 117 (191_86,16211)
10807 118 (191_86,16235)
10855 119 (191_86,16379)
10856 120 (191_86,16382)
10857 121 (191_86,16385)
10858 122 (191_86,16388)
