total fp is :38
741 1 (191_84,2285)
1279 2 (191_84,3899)
1689 3 (191_84,5129)
1690 4 (191_84,5132)
1691 5 (191_84,5135)
1761 6 (191_84,5345)
5526 7 (191_86,392)
5527 8 (191_86,395)
5528 9 (191_86,398)
5529 10 (191_86,401)
5530 11 (191_86,404)
5531 12 (191_86,407)
9055 13 (191_86,10979)
9059 14 (191_86,10991)
9062 15 (191_86,11000)
9064 16 (191_86,11006)
9065 17 (191_86,11009)
9066 18 (191_86,11012)
9067 19 (191_86,11015)
9068 20 (191_86,11018)
9070 21 (191_86,11024)
9071 22 (191_86,11027)
9072 23 (191_86,11030)
9073 24 (191_86,11033)
9074 25 (191_86,11036)
9075 26 (191_86,11039)
9076 27 (191_86,11042)
9079 28 (191_86,11051)
9080 29 (191_86,11054)
9081 30 (191_86,11057)
9082 31 (191_86,11060)
9085 32 (191_86,11069)
9087 33 (191_86,11075)
9088 34 (191_86,11078)
9089 35 (191_86,11081)
9090 36 (191_86,11084)
11049 37 (191_86,16961)
11050 38 (191_86,16964)
total fn is :117
680 1 (191_84,2102)
681 2 (191_84,2105)
687 3 (191_84,2123)
688 4 (191_84,2126)
689 5 (191_84,2129)
690 6 (191_84,2132)
691 7 (191_84,2135)
692 8 (191_84,2138)
693 9 (191_84,2141)
694 10 (191_84,2144)
695 11 (191_84,2147)
719 12 (191_84,2219)
720 13 (191_84,2222)
721 14 (191_84,2225)
722 15 (191_84,2228)
727 16 (191_84,2243)
728 17 (191_84,2246)
729 18 (191_84,2249)
730 19 (191_84,2252)
1186 20 (191_84,3620)
1187 21 (191_84,3623)
1188 22 (191_84,3626)
1189 23 (191_84,3629)
1202 24 (191_84,3668)
1203 25 (191_84,3671)
1204 26 (191_84,3674)
1205 27 (191_84,3677)
1206 28 (191_84,3680)
1220 29 (191_84,3722)
1221 30 (191_84,3725)
1222 31 (191_84,3728)
1223 32 (191_84,3731)
1230 33 (191_84,3752)
1231 34 (191_84,3755)
4700 35 (191_85,8386)
4701 36 (191_85,8389)
4704 37 (191_85,8398)
4705 38 (191_85,8401)
4706 39 (191_85,8404)
4708 40 (191_85,8410)
5350 41 (191_85,10426)
5351 42 (191_85,10429)
5357 43 (191_85,10447)
5358 44 (191_85,10450)
5359 45 (191_85,10453)
5360 46 (191_85,10456)
5361 47 (191_85,10459)
5362 48 (191_85,10462)
5363 49 (191_85,10465)
5364 50 (191_85,10468)
5365 51 (191_85,10471)
5366 52 (191_85,10474)
5367 53 (191_85,10477)
5368 54 (191_85,10480)
5369 55 (191_85,10483)
5370 56 (191_85,10486)
5371 57 (191_85,10489)
5372 58 (191_85,10492)
5373 59 (191_85,10495)
5374 60 (191_85,10498)
5375 61 (191_85,10501)
5376 62 (191_85,10504)
5377 63 (191_85,10507)
5378 64 (191_85,10510)
5379 65 (191_85,10513)
5380 66 (191_85,10516)
5381 67 (191_85,10519)
5382 68 (191_85,10522)
8986 69 (191_86,10772)
8987 70 (191_86,10775)
8988 71 (191_86,10778)
8989 72 (191_86,10781)
8990 73 (191_86,10784)
8991 74 (191_86,10787)
8992 75 (191_86,10790)
8993 76 (191_86,10793)
8994 77 (191_86,10796)
8997 78 (191_86,10805)
8998 79 (191_86,10808)
9001 80 (191_86,10817)
9033 81 (191_86,10913)
9034 82 (191_86,10916)
9035 83 (191_86,10919)
9036 84 (191_86,10922)
9037 85 (191_86,10925)
9038 86 (191_86,10928)
9041 87 (191_86,10937)
9043 88 (191_86,10943)
10485 89 (191_86,15269)
10486 90 (191_86,15272)
10487 91 (191_86,15275)
10488 92 (191_86,15278)
10489 93 (191_86,15281)
10496 94 (191_86,15302)
10497 95 (191_86,15305)
10498 96 (191_86,15308)
10499 97 (191_86,15311)
10506 98 (191_86,15332)
10507 99 (191_86,15335)
10508 100 (191_86,15338)
10509 101 (191_86,15341)
10516 102 (191_86,15362)
10517 103 (191_86,15365)
10519 104 (191_86,15371)
10764 105 (191_86,16106)
10765 106 (191_86,16109)
10767 107 (191_86,16115)
10768 108 (191_86,16118)
10769 109 (191_86,16121)
10775 110 (191_86,16139)
10783 111 (191_86,16163)
10798 112 (191_86,16208)
10807 113 (191_86,16235)
10855 114 (191_86,16379)
10856 115 (191_86,16382)
10857 116 (191_86,16385)
10858 117 (191_86,16388)
