total fp is :32
1279 1 (191_84,3899)
1690 2 (191_84,5132)
1691 3 (191_84,5135)
5527 4 (191_86,395)
5528 5 (191_86,398)
5529 6 (191_86,401)
5530 7 (191_86,404)
5531 8 (191_86,407)
9055 9 (191_86,10979)
9062 10 (191_86,11000)
9064 11 (191_86,11006)
9065 12 (191_86,11009)
9066 13 (191_86,11012)
9067 14 (191_86,11015)
9068 15 (191_86,11018)
9070 16 (191_86,11024)
9071 17 (191_86,11027)
9072 18 (191_86,11030)
9073 19 (191_86,11033)
9074 20 (191_86,11036)
9075 21 (191_86,11039)
9076 22 (191_86,11042)
9079 23 (191_86,11051)
9080 24 (191_86,11054)
9081 25 (191_86,11057)
9082 26 (191_86,11060)
9087 27 (191_86,11075)
9088 28 (191_86,11078)
9089 29 (191_86,11081)
9090 30 (191_86,11084)
11049 31 (191_86,16961)
11050 32 (191_86,16964)
total fn is :185
680 1 (191_84,2102)
681 2 (191_84,2105)
687 3 (191_84,2123)
688 4 (191_84,2126)
689 5 (191_84,2129)
690 6 (191_84,2132)
691 7 (191_84,2135)
692 8 (191_84,2138)
693 9 (191_84,2141)
694 10 (191_84,2144)
695 11 (191_84,2147)
699 12 (191_84,2159)
710 13 (191_84,2192)
719 14 (191_84,2219)
720 15 (191_84,2222)
721 16 (191_84,2225)
722 17 (191_84,2228)
727 18 (191_84,2243)
728 19 (191_84,2246)
729 20 (191_84,2249)
730 21 (191_84,2252)
731 22 (191_84,2255)
1186 23 (191_84,3620)
1187 24 (191_84,3623)
1188 25 (191_84,3626)
1189 26 (191_84,3629)
1202 27 (191_84,3668)
1203 28 (191_84,3671)
1204 29 (191_84,3674)
1205 30 (191_84,3677)
1206 31 (191_84,3680)
1213 32 (191_84,3701)
1220 33 (191_84,3722)
1221 34 (191_84,3725)
1222 35 (191_84,3728)
1223 36 (191_84,3731)
1227 37 (191_84,3743)
1229 38 (191_84,3749)
1230 39 (191_84,3752)
1231 40 (191_84,3755)
1257 41 (191_84,3833)
1258 42 (191_84,3836)
1259 43 (191_84,3839)
1260 44 (191_84,3842)
1261 45 (191_84,3845)
1262 46 (191_84,3848)
1263 47 (191_84,3851)
1264 48 (191_84,3854)
1265 49 (191_84,3857)
1266 50 (191_84,3860)
1267 51 (191_84,3863)
1268 52 (191_84,3866)
1269 53 (191_84,3869)
4700 54 (191_85,8386)
4701 55 (191_85,8389)
4702 56 (191_85,8392)
4703 57 (191_85,8395)
4704 58 (191_85,8398)
4705 59 (191_85,8401)
4706 60 (191_85,8404)
4708 61 (191_85,8410)
4730 62 (191_85,8476)
4731 63 (191_85,8479)
4732 64 (191_85,8482)
4733 65 (191_85,8485)
4734 66 (191_85,8488)
4735 67 (191_85,8491)
4736 68 (191_85,8494)
4737 69 (191_85,8497)
4738 70 (191_85,8500)
4739 71 (191_85,8503)
4740 72 (191_85,8506)
4741 73 (191_85,8509)
4742 74 (191_85,8512)
5350 75 (191_85,10426)
5351 76 (191_85,10429)
5357 77 (191_85,10447)
5358 78 (191_85,10450)
5359 79 (191_85,10453)
5360 80 (191_85,10456)
5361 81 (191_85,10459)
5362 82 (191_85,10462)
5363 83 (191_85,10465)
5364 84 (191_85,10468)
5365 85 (191_85,10471)
5366 86 (191_85,10474)
5367 87 (191_85,10477)
5368 88 (191_85,10480)
5369 89 (191_85,10483)
5370 90 (191_85,10486)
5371 91 (191_85,10489)
5372 92 (191_85,10492)
5373 93 (191_85,10495)
5374 94 (191_85,10498)
5375 95 (191_85,10501)
5376 96 (191_85,10504)
5377 97 (191_85,10507)
5378 98 (191_85,10510)
5379 99 (191_85,10513)
5380 100 (191_85,10516)
5381 101 (191_85,10519)
5382 102 (191_85,10522)
8986 103 (191_86,10772)
8987 104 (191_86,10775)
8988 105 (191_86,10778)
8989 106 (191_86,10781)
8990 107 (191_86,10784)
8991 108 (191_86,10787)
8992 109 (191_86,10790)
8993 110 (191_86,10793)
8994 111 (191_86,10796)
8995 112 (191_86,10799)
8997 113 (191_86,10805)
8998 114 (191_86,10808)
9001 115 (191_86,10817)
9003 116 (191_86,10823)
9026 117 (191_86,10892)
9027 118 (191_86,10895)
9028 119 (191_86,10898)
9029 120 (191_86,10901)
9030 121 (191_86,10904)
9031 122 (191_86,10907)
9032 123 (191_86,10910)
9033 124 (191_86,10913)
9034 125 (191_86,10916)
9035 126 (191_86,10919)
9036 127 (191_86,10922)
9037 128 (191_86,10925)
9038 129 (191_86,10928)
9039 130 (191_86,10931)
9040 131 (191_86,10934)
9041 132 (191_86,10937)
9042 133 (191_86,10940)
9043 134 (191_86,10943)
9048 135 (191_86,10958)
9049 136 (191_86,10961)
10485 137 (191_86,15269)
10486 138 (191_86,15272)
10487 139 (191_86,15275)
10488 140 (191_86,15278)
10489 141 (191_86,15281)
10495 142 (191_86,15299)
10496 143 (191_86,15302)
10497 144 (191_86,15305)
10498 145 (191_86,15308)
10499 146 (191_86,15311)
10506 147 (191_86,15332)
10507 148 (191_86,15335)
10508 149 (191_86,15338)
10509 150 (191_86,15341)
10510 151 (191_86,15344)
10516 152 (191_86,15362)
10517 153 (191_86,15365)
10518 154 (191_86,15368)
10519 155 (191_86,15371)
10764 156 (191_86,16106)
10765 157 (191_86,16109)
10767 158 (191_86,16115)
10768 159 (191_86,16118)
10769 160 (191_86,16121)
10775 161 (191_86,16139)
10780 162 (191_86,16154)
10783 163 (191_86,16163)
10798 164 (191_86,16208)
10799 165 (191_86,16211)
10807 166 (191_86,16235)
10808 167 (191_86,16238)
10832 168 (191_86,16310)
10833 169 (191_86,16313)
10834 170 (191_86,16316)
10835 171 (191_86,16319)
10836 172 (191_86,16322)
10837 173 (191_86,16325)
10838 174 (191_86,16328)
10839 175 (191_86,16331)
10840 176 (191_86,16334)
10841 177 (191_86,16337)
10842 178 (191_86,16340)
10843 179 (191_86,16343)
10844 180 (191_86,16346)
10854 181 (191_86,16376)
10855 182 (191_86,16379)
10856 183 (191_86,16382)
10857 184 (191_86,16385)
10858 185 (191_86,16388)
