total fp is :286
28 1 (191_84,126)
138 2 (191_84,456)
139 3 (191_84,459)
140 4 (191_84,462)
141 5 (191_84,465)
142 6 (191_84,468)
146 7 (191_84,480)
152 8 (191_84,498)
154 9 (191_84,504)
155 10 (191_84,507)
156 11 (191_84,510)
160 12 (191_84,522)
161 13 (191_84,525)
167 14 (191_84,543)
178 15 (191_84,576)
179 16 (191_84,579)
184 17 (191_84,594)
188 18 (191_84,606)
189 19 (191_84,609)
193 20 (191_84,621)
194 21 (191_84,624)
196 22 (191_84,630)
207 23 (191_84,663)
216 24 (191_84,690)
217 25 (191_84,693)
218 26 (191_84,696)
228 27 (191_84,726)
229 28 (191_84,729)
234 29 (191_84,744)
235 30 (191_84,747)
236 31 (191_84,750)
237 32 (191_84,753)
238 33 (191_84,756)
239 34 (191_84,759)
240 35 (191_84,762)
241 36 (191_84,765)
253 37 (191_84,801)
254 38 (191_84,804)
258 39 (191_84,816)
259 40 (191_84,819)
260 41 (191_84,822)
283 42 (191_84,891)
284 43 (191_84,894)
296 44 (191_84,930)
297 45 (191_84,933)
298 46 (191_84,936)
322 47 (191_84,1008)
340 48 (191_84,1062)
350 49 (191_84,1092)
366 50 (191_84,1140)
476 51 (191_84,1470)
533 52 (191_84,1641)
741 53 (191_84,2285)
742 54 (191_84,2288)
744 55 (191_84,2294)
745 56 (191_84,2297)
809 57 (191_84,2489)
989 58 (191_84,3029)
1002 59 (191_84,3068)
1003 60 (191_84,3071)
1012 61 (191_84,3098)
1279 62 (191_84,3899)
1526 63 (191_84,4640)
1583 64 (191_84,4811)
1584 65 (191_84,4814)
1604 66 (191_84,4874)
1605 67 (191_84,4877)
1624 68 (191_84,4934)
1675 69 (191_84,5087)
1687 70 (191_84,5123)
1688 71 (191_84,5126)
1689 72 (191_84,5129)
1690 73 (191_84,5132)
1691 74 (191_84,5135)
1692 75 (191_84,5138)
1758 76 (191_84,5336)
1759 77 (191_84,5339)
1760 78 (191_84,5342)
1761 79 (191_84,5345)
1775 80 (191_84,5387)
1776 81 (191_84,5390)
1810 82 (191_84,5492)
1813 83 (191_84,5501)
1840 84 (191_84,5582)
2217 85 (191_85,937)
2218 86 (191_85,940)
2219 87 (191_85,943)
2220 88 (191_85,946)
2222 89 (191_85,952)
2223 90 (191_85,955)
2224 91 (191_85,958)
2225 92 (191_85,961)
2234 93 (191_85,988)
2235 94 (191_85,991)
2236 95 (191_85,994)
2237 96 (191_85,997)
2238 97 (191_85,1000)
2244 98 (191_85,1018)
2246 99 (191_85,1024)
2247 100 (191_85,1027)
2254 101 (191_85,1048)
2262 102 (191_85,1072)
2269 103 (191_85,1093)
2270 104 (191_85,1096)
2271 105 (191_85,1099)
2272 106 (191_85,1102)
2273 107 (191_85,1105)
2274 108 (191_85,1108)
2275 109 (191_85,1111)
2289 110 (191_85,1153)
2290 111 (191_85,1156)
2291 112 (191_85,1159)
2293 113 (191_85,1165)
2295 114 (191_85,1171)
2296 115 (191_85,1174)
2298 116 (191_85,1180)
2300 117 (191_85,1186)
2301 118 (191_85,1189)
2305 119 (191_85,1201)
2321 120 (191_85,1249)
2322 121 (191_85,1252)
2325 122 (191_85,1261)
2326 123 (191_85,1264)
2327 124 (191_85,1267)
2330 125 (191_85,1276)
2332 126 (191_85,1282)
2333 127 (191_85,1285)
2334 128 (191_85,1288)
2335 129 (191_85,1291)
2364 130 (191_85,1378)
2390 131 (191_85,1456)
2391 132 (191_85,1459)
2461 133 (191_85,1669)
4752 134 (191_85,8542)
4959 135 (191_85,9163)
4969 136 (191_85,9193)
4970 137 (191_85,9196)
5018 138 (191_85,9340)
5126 139 (191_85,9664)
5127 140 (191_85,9667)
5137 141 (191_85,9697)
5240 142 (191_85,10006)
5241 143 (191_85,10009)
5242 144 (191_85,10012)
5243 145 (191_85,10015)
5244 146 (191_85,10018)
5245 147 (191_85,10021)
5264 148 (191_85,10078)
5265 149 (191_85,10081)
5266 150 (191_85,10084)
5267 151 (191_85,10087)
5268 152 (191_85,10090)
5273 153 (191_85,10105)
5274 154 (191_85,10108)
5332 155 (191_85,10372)
5333 156 (191_85,10375)
5334 157 (191_85,10378)
5336 158 (191_85,10384)
5337 159 (191_85,10387)
5338 160 (191_85,10390)
5339 161 (191_85,10393)
5340 162 (191_85,10396)
5341 163 (191_85,10399)
5342 164 (191_85,10402)
5343 165 (191_85,10405)
5344 166 (191_85,10408)
5345 167 (191_85,10411)
5346 168 (191_85,10414)
5347 169 (191_85,10417)
5348 170 (191_85,10420)
5349 171 (191_85,10423)
5445 172 (191_86,149)
5526 173 (191_86,392)
5527 174 (191_86,395)
5528 175 (191_86,398)
5529 176 (191_86,401)
5530 177 (191_86,404)
5531 178 (191_86,407)
5532 179 (191_86,410)
5533 180 (191_86,413)
5606 181 (191_86,632)
5607 182 (191_86,635)
5608 183 (191_86,638)
5610 184 (191_86,644)
5611 185 (191_86,647)
5612 186 (191_86,650)
5613 187 (191_86,653)
5614 188 (191_86,656)
5618 189 (191_86,668)
5626 190 (191_86,692)
5627 191 (191_86,695)
5630 192 (191_86,704)
5636 193 (191_86,722)
5637 194 (191_86,725)
5642 195 (191_86,740)
5643 196 (191_86,743)
5644 197 (191_86,746)
5647 198 (191_86,755)
5651 199 (191_86,767)
5652 200 (191_86,770)
5662 201 (191_86,800)
5663 202 (191_86,803)
5668 203 (191_86,818)
5699 204 (191_86,911)
5700 205 (191_86,914)
5903 206 (191_86,1523)
7450 207 (191_86,6164)
8768 208 (191_86,10118)
8769 209 (191_86,10121)
9055 210 (191_86,10979)
9056 211 (191_86,10982)
9059 212 (191_86,10991)
9060 213 (191_86,10994)
9061 214 (191_86,10997)
9062 215 (191_86,11000)
9063 216 (191_86,11003)
9064 217 (191_86,11006)
9065 218 (191_86,11009)
9066 219 (191_86,11012)
9067 220 (191_86,11015)
9068 221 (191_86,11018)
9069 222 (191_86,11021)
9070 223 (191_86,11024)
9071 224 (191_86,11027)
9072 225 (191_86,11030)
9073 226 (191_86,11033)
9074 227 (191_86,11036)
9075 228 (191_86,11039)
9076 229 (191_86,11042)
9077 230 (191_86,11045)
9078 231 (191_86,11048)
9079 232 (191_86,11051)
9080 233 (191_86,11054)
9081 234 (191_86,11057)
9082 235 (191_86,11060)
9083 236 (191_86,11063)
9084 237 (191_86,11066)
9085 238 (191_86,11069)
9086 239 (191_86,11072)
9087 240 (191_86,11075)
9088 241 (191_86,11078)
9089 242 (191_86,11081)
9090 243 (191_86,11084)
9091 244 (191_86,11087)
9092 245 (191_86,11090)
9293 246 (191_86,11693)
9294 247 (191_86,11696)
9355 248 (191_86,11879)
9356 249 (191_86,11882)
9401 250 (191_86,12017)
9433 251 (191_86,12113)
10219 252 (191_86,14471)
10220 253 (191_86,14474)
10290 254 (191_86,14684)
10291 255 (191_86,14687)
10409 256 (191_86,15041)
10429 257 (191_86,15101)
10439 258 (191_86,15131)
10440 259 (191_86,15134)
10441 260 (191_86,15137)
10442 261 (191_86,15140)
10443 262 (191_86,15143)
10472 263 (191_86,15230)
10484 264 (191_86,15266)
10680 265 (191_86,15854)
10717 266 (191_86,15965)
10718 267 (191_86,15968)
10738 268 (191_86,16028)
10745 269 (191_86,16049)
10879 270 (191_86,16451)
10898 271 (191_86,16508)
10927 272 (191_86,16595)
10981 273 (191_86,16757)
10994 274 (191_86,16796)
11000 275 (191_86,16814)
11001 276 (191_86,16817)
11002 277 (191_86,16820)
11019 278 (191_86,16871)
11045 279 (191_86,16949)
11046 280 (191_86,16952)
11047 281 (191_86,16955)
11048 282 (191_86,16958)
11049 283 (191_86,16961)
11050 284 (191_86,16964)
11051 285 (191_86,16967)
11105 286 (191_86,17210)
total fn is :49
688 1 (191_84,2126)
690 2 (191_84,2132)
691 3 (191_84,2135)
692 4 (191_84,2138)
719 5 (191_84,2219)
720 6 (191_84,2222)
721 7 (191_84,2225)
729 8 (191_84,2249)
1186 9 (191_84,3620)
1187 10 (191_84,3623)
1188 11 (191_84,3626)
4700 12 (191_85,8386)
4704 13 (191_85,8398)
4705 14 (191_85,8401)
4706 15 (191_85,8404)
5362 16 (191_85,10462)
5363 17 (191_85,10465)
5364 18 (191_85,10468)
5365 19 (191_85,10471)
5366 20 (191_85,10474)
5367 21 (191_85,10477)
5368 22 (191_85,10480)
5370 23 (191_85,10486)
5371 24 (191_85,10489)
5372 25 (191_85,10492)
5373 26 (191_85,10495)
5374 27 (191_85,10498)
5375 28 (191_85,10501)
5379 29 (191_85,10513)
5380 30 (191_85,10516)
5381 31 (191_85,10519)
5382 32 (191_85,10522)
8986 33 (191_86,10772)
8987 34 (191_86,10775)
8988 35 (191_86,10778)
8989 36 (191_86,10781)
8990 37 (191_86,10784)
8992 38 (191_86,10790)
8993 39 (191_86,10793)
9033 40 (191_86,10913)
9034 41 (191_86,10916)
10486 42 (191_86,15272)
10487 43 (191_86,15275)
10488 44 (191_86,15278)
10496 45 (191_86,15302)
10497 46 (191_86,15305)
10498 47 (191_86,15308)
10807 48 (191_86,16235)
10858 49 (191_86,16388)
