total fp is :40
741 1 (191_84,2285)
745 2 (191_84,2297)
1279 3 (191_84,3899)
1689 4 (191_84,5129)
1690 5 (191_84,5132)
1691 6 (191_84,5135)
1761 7 (191_84,5345)
5526 8 (191_86,392)
5527 9 (191_86,395)
5528 10 (191_86,398)
5529 11 (191_86,401)
5530 12 (191_86,404)
5531 13 (191_86,407)
9055 14 (191_86,10979)
9056 15 (191_86,10982)
9059 16 (191_86,10991)
9062 17 (191_86,11000)
9064 18 (191_86,11006)
9065 19 (191_86,11009)
9066 20 (191_86,11012)
9067 21 (191_86,11015)
9068 22 (191_86,11018)
9070 23 (191_86,11024)
9071 24 (191_86,11027)
9072 25 (191_86,11030)
9073 26 (191_86,11033)
9074 27 (191_86,11036)
9075 28 (191_86,11039)
9076 29 (191_86,11042)
9079 30 (191_86,11051)
9080 31 (191_86,11054)
9081 32 (191_86,11057)
9082 33 (191_86,11060)
9085 34 (191_86,11069)
9087 35 (191_86,11075)
9088 36 (191_86,11078)
9089 37 (191_86,11081)
9090 38 (191_86,11084)
11049 39 (191_86,16961)
11050 40 (191_86,16964)
total fn is :114
680 1 (191_84,2102)
681 2 (191_84,2105)
687 3 (191_84,2123)
688 4 (191_84,2126)
689 5 (191_84,2129)
690 6 (191_84,2132)
691 7 (191_84,2135)
692 8 (191_84,2138)
693 9 (191_84,2141)
694 10 (191_84,2144)
719 11 (191_84,2219)
720 12 (191_84,2222)
721 13 (191_84,2225)
722 14 (191_84,2228)
727 15 (191_84,2243)
728 16 (191_84,2246)
729 17 (191_84,2249)
730 18 (191_84,2252)
1186 19 (191_84,3620)
1187 20 (191_84,3623)
1188 21 (191_84,3626)
1189 22 (191_84,3629)
1202 23 (191_84,3668)
1203 24 (191_84,3671)
1204 25 (191_84,3674)
1205 26 (191_84,3677)
1206 27 (191_84,3680)
1220 28 (191_84,3722)
1221 29 (191_84,3725)
1223 30 (191_84,3731)
1230 31 (191_84,3752)
1231 32 (191_84,3755)
4700 33 (191_85,8386)
4701 34 (191_85,8389)
4704 35 (191_85,8398)
4705 36 (191_85,8401)
4706 37 (191_85,8404)
4708 38 (191_85,8410)
5350 39 (191_85,10426)
5351 40 (191_85,10429)
5357 41 (191_85,10447)
5358 42 (191_85,10450)
5359 43 (191_85,10453)
5360 44 (191_85,10456)
5361 45 (191_85,10459)
5362 46 (191_85,10462)
5363 47 (191_85,10465)
5364 48 (191_85,10468)
5365 49 (191_85,10471)
5366 50 (191_85,10474)
5367 51 (191_85,10477)
5368 52 (191_85,10480)
5369 53 (191_85,10483)
5370 54 (191_85,10486)
5371 55 (191_85,10489)
5372 56 (191_85,10492)
5373 57 (191_85,10495)
5374 58 (191_85,10498)
5375 59 (191_85,10501)
5376 60 (191_85,10504)
5377 61 (191_85,10507)
5378 62 (191_85,10510)
5379 63 (191_85,10513)
5380 64 (191_85,10516)
5381 65 (191_85,10519)
5382 66 (191_85,10522)
8986 67 (191_86,10772)
8987 68 (191_86,10775)
8988 69 (191_86,10778)
8989 70 (191_86,10781)
8990 71 (191_86,10784)
8991 72 (191_86,10787)
8992 73 (191_86,10790)
8993 74 (191_86,10793)
8994 75 (191_86,10796)
8997 76 (191_86,10805)
8998 77 (191_86,10808)
9001 78 (191_86,10817)
9033 79 (191_86,10913)
9034 80 (191_86,10916)
9035 81 (191_86,10919)
9036 82 (191_86,10922)
9037 83 (191_86,10925)
9038 84 (191_86,10928)
9041 85 (191_86,10937)
9043 86 (191_86,10943)
10485 87 (191_86,15269)
10486 88 (191_86,15272)
10487 89 (191_86,15275)
10488 90 (191_86,15278)
10489 91 (191_86,15281)
10496 92 (191_86,15302)
10497 93 (191_86,15305)
10498 94 (191_86,15308)
10499 95 (191_86,15311)
10506 96 (191_86,15332)
10507 97 (191_86,15335)
10508 98 (191_86,15338)
10509 99 (191_86,15341)
10516 100 (191_86,15362)
10517 101 (191_86,15365)
10519 102 (191_86,15371)
10764 103 (191_86,16106)
10765 104 (191_86,16109)
10767 105 (191_86,16115)
10768 106 (191_86,16118)
10775 107 (191_86,16139)
10783 108 (191_86,16163)
10798 109 (191_86,16208)
10807 110 (191_86,16235)
10855 111 (191_86,16379)
10856 112 (191_86,16382)
10857 113 (191_86,16385)
10858 114 (191_86,16388)
