total fp is :95
161 1 (191_84,525)
229 2 (191_84,729)
234 3 (191_84,744)
235 4 (191_84,747)
236 5 (191_84,750)
237 6 (191_84,753)
238 7 (191_84,756)
254 8 (191_84,804)
259 9 (191_84,819)
284 10 (191_84,894)
296 11 (191_84,930)
297 12 (191_84,933)
741 13 (191_84,2285)
742 14 (191_84,2288)
745 15 (191_84,2297)
1279 16 (191_84,3899)
1605 17 (191_84,4877)
1689 18 (191_84,5129)
1690 19 (191_84,5132)
1691 20 (191_84,5135)
1692 21 (191_84,5138)
1758 22 (191_84,5336)
1759 23 (191_84,5339)
1760 24 (191_84,5342)
1761 25 (191_84,5345)
2235 26 (191_85,991)
2236 27 (191_85,994)
2237 28 (191_85,997)
2238 29 (191_85,1000)
2269 30 (191_85,1093)
2270 31 (191_85,1096)
2272 32 (191_85,1102)
2326 33 (191_85,1264)
2334 34 (191_85,1288)
4969 35 (191_85,9193)
5267 36 (191_85,10087)
5268 37 (191_85,10090)
5332 38 (191_85,10372)
5333 39 (191_85,10375)
5526 40 (191_86,392)
5527 41 (191_86,395)
5528 42 (191_86,398)
5529 43 (191_86,401)
5530 44 (191_86,404)
5531 45 (191_86,407)
5532 46 (191_86,410)
5607 47 (191_86,635)
5611 48 (191_86,647)
5626 49 (191_86,692)
9055 50 (191_86,10979)
9056 51 (191_86,10982)
9059 52 (191_86,10991)
9061 53 (191_86,10997)
9062 54 (191_86,11000)
9063 55 (191_86,11003)
9064 56 (191_86,11006)
9065 57 (191_86,11009)
9066 58 (191_86,11012)
9067 59 (191_86,11015)
9068 60 (191_86,11018)
9069 61 (191_86,11021)
9070 62 (191_86,11024)
9071 63 (191_86,11027)
9072 64 (191_86,11030)
9073 65 (191_86,11033)
9074 66 (191_86,11036)
9075 67 (191_86,11039)
9076 68 (191_86,11042)
9077 69 (191_86,11045)
9078 70 (191_86,11048)
9079 71 (191_86,11051)
9080 72 (191_86,11054)
9081 73 (191_86,11057)
9082 74 (191_86,11060)
9084 75 (191_86,11066)
9085 76 (191_86,11069)
9086 77 (191_86,11072)
9087 78 (191_86,11075)
9088 79 (191_86,11078)
9089 80 (191_86,11081)
9090 81 (191_86,11084)
9092 82 (191_86,11090)
10440 83 (191_86,15134)
10441 84 (191_86,15137)
10442 85 (191_86,15140)
11001 86 (191_86,16817)
11002 87 (191_86,16820)
11019 88 (191_86,16871)
11045 89 (191_86,16949)
11046 90 (191_86,16952)
11047 91 (191_86,16955)
11048 92 (191_86,16958)
11049 93 (191_86,16961)
11050 94 (191_86,16964)
11105 95 (191_86,17210)
total fn is :77
680 1 (191_84,2102)
681 2 (191_84,2105)
688 3 (191_84,2126)
689 4 (191_84,2129)
690 5 (191_84,2132)
691 6 (191_84,2135)
692 7 (191_84,2138)
693 8 (191_84,2141)
719 9 (191_84,2219)
720 10 (191_84,2222)
721 11 (191_84,2225)
722 12 (191_84,2228)
727 13 (191_84,2243)
729 14 (191_84,2249)
1186 15 (191_84,3620)
1187 16 (191_84,3623)
1188 17 (191_84,3626)
1189 18 (191_84,3629)
1202 19 (191_84,3668)
1203 20 (191_84,3671)
1204 21 (191_84,3674)
1206 22 (191_84,3680)
1220 23 (191_84,3722)
1221 24 (191_84,3725)
1231 25 (191_84,3755)
4700 26 (191_85,8386)
4701 27 (191_85,8389)
4704 28 (191_85,8398)
4705 29 (191_85,8401)
4706 30 (191_85,8404)
5350 31 (191_85,10426)
5357 32 (191_85,10447)
5361 33 (191_85,10459)
5362 34 (191_85,10462)
5363 35 (191_85,10465)
5364 36 (191_85,10468)
5365 37 (191_85,10471)
5366 38 (191_85,10474)
5367 39 (191_85,10477)
5368 40 (191_85,10480)
5369 41 (191_85,10483)
5370 42 (191_85,10486)
5371 43 (191_85,10489)
5372 44 (191_85,10492)
5373 45 (191_85,10495)
5374 46 (191_85,10498)
5375 47 (191_85,10501)
5376 48 (191_85,10504)
5378 49 (191_85,10510)
5379 50 (191_85,10513)
5380 51 (191_85,10516)
5381 52 (191_85,10519)
5382 53 (191_85,10522)
8986 54 (191_86,10772)
8987 55 (191_86,10775)
8988 56 (191_86,10778)
8989 57 (191_86,10781)
8990 58 (191_86,10784)
8991 59 (191_86,10787)
8992 60 (191_86,10790)
8993 61 (191_86,10793)
8997 62 (191_86,10805)
9033 63 (191_86,10913)
9034 64 (191_86,10916)
10485 65 (191_86,15269)
10486 66 (191_86,15272)
10487 67 (191_86,15275)
10488 68 (191_86,15278)
10496 69 (191_86,15302)
10497 70 (191_86,15305)
10498 71 (191_86,15308)
10509 72 (191_86,15341)
10764 73 (191_86,16106)
10798 74 (191_86,16208)
10807 75 (191_86,16235)
10857 76 (191_86,16385)
10858 77 (191_86,16388)
