total fp is :29
1690 1 (191_84,5132)
1691 2 (191_84,5135)
5527 3 (191_86,395)
5528 4 (191_86,398)
5529 5 (191_86,401)
5530 6 (191_86,404)
9055 7 (191_86,10979)
9062 8 (191_86,11000)
9064 9 (191_86,11006)
9065 10 (191_86,11009)
9066 11 (191_86,11012)
9067 12 (191_86,11015)
9068 13 (191_86,11018)
9070 14 (191_86,11024)
9071 15 (191_86,11027)
9072 16 (191_86,11030)
9073 17 (191_86,11033)
9074 18 (191_86,11036)
9075 19 (191_86,11039)
9076 20 (191_86,11042)
9079 21 (191_86,11051)
9080 22 (191_86,11054)
9081 23 (191_86,11057)
9087 24 (191_86,11075)
9088 25 (191_86,11078)
9089 26 (191_86,11081)
9090 27 (191_86,11084)
11049 28 (191_86,16961)
11050 29 (191_86,16964)
total fn is :192
680 1 (191_84,2102)
681 2 (191_84,2105)
686 3 (191_84,2120)
687 4 (191_84,2123)
688 5 (191_84,2126)
689 6 (191_84,2129)
690 7 (191_84,2132)
691 8 (191_84,2135)
692 9 (191_84,2138)
693 10 (191_84,2141)
694 11 (191_84,2144)
695 12 (191_84,2147)
699 13 (191_84,2159)
708 14 (191_84,2186)
710 15 (191_84,2192)
718 16 (191_84,2216)
719 17 (191_84,2219)
720 18 (191_84,2222)
721 19 (191_84,2225)
722 20 (191_84,2228)
723 21 (191_84,2231)
727 22 (191_84,2243)
728 23 (191_84,2246)
729 24 (191_84,2249)
730 25 (191_84,2252)
731 26 (191_84,2255)
1186 27 (191_84,3620)
1187 28 (191_84,3623)
1188 29 (191_84,3626)
1189 30 (191_84,3629)
1202 31 (191_84,3668)
1203 32 (191_84,3671)
1204 33 (191_84,3674)
1205 34 (191_84,3677)
1206 35 (191_84,3680)
1213 36 (191_84,3701)
1217 37 (191_84,3713)
1220 38 (191_84,3722)
1221 39 (191_84,3725)
1222 40 (191_84,3728)
1223 41 (191_84,3731)
1227 42 (191_84,3743)
1229 43 (191_84,3749)
1230 44 (191_84,3752)
1231 45 (191_84,3755)
1257 46 (191_84,3833)
1258 47 (191_84,3836)
1259 48 (191_84,3839)
1260 49 (191_84,3842)
1261 50 (191_84,3845)
1262 51 (191_84,3848)
1263 52 (191_84,3851)
1264 53 (191_84,3854)
1265 54 (191_84,3857)
1266 55 (191_84,3860)
1267 56 (191_84,3863)
1268 57 (191_84,3866)
1269 58 (191_84,3869)
1270 59 (191_84,3872)
4700 60 (191_85,8386)
4701 61 (191_85,8389)
4702 62 (191_85,8392)
4703 63 (191_85,8395)
4704 64 (191_85,8398)
4705 65 (191_85,8401)
4706 66 (191_85,8404)
4708 67 (191_85,8410)
4730 68 (191_85,8476)
4731 69 (191_85,8479)
4732 70 (191_85,8482)
4733 71 (191_85,8485)
4734 72 (191_85,8488)
4735 73 (191_85,8491)
4736 74 (191_85,8494)
4737 75 (191_85,8497)
4738 76 (191_85,8500)
4739 77 (191_85,8503)
4740 78 (191_85,8506)
4741 79 (191_85,8509)
4742 80 (191_85,8512)
5350 81 (191_85,10426)
5351 82 (191_85,10429)
5357 83 (191_85,10447)
5358 84 (191_85,10450)
5359 85 (191_85,10453)
5360 86 (191_85,10456)
5361 87 (191_85,10459)
5362 88 (191_85,10462)
5363 89 (191_85,10465)
5364 90 (191_85,10468)
5365 91 (191_85,10471)
5366 92 (191_85,10474)
5367 93 (191_85,10477)
5368 94 (191_85,10480)
5369 95 (191_85,10483)
5370 96 (191_85,10486)
5371 97 (191_85,10489)
5372 98 (191_85,10492)
5373 99 (191_85,10495)
5374 100 (191_85,10498)
5375 101 (191_85,10501)
5376 102 (191_85,10504)
5377 103 (191_85,10507)
5378 104 (191_85,10510)
5379 105 (191_85,10513)
5380 106 (191_85,10516)
5381 107 (191_85,10519)
5382 108 (191_85,10522)
8986 109 (191_86,10772)
8987 110 (191_86,10775)
8988 111 (191_86,10778)
8989 112 (191_86,10781)
8990 113 (191_86,10784)
8991 114 (191_86,10787)
8992 115 (191_86,10790)
8993 116 (191_86,10793)
8994 117 (191_86,10796)
8995 118 (191_86,10799)
8997 119 (191_86,10805)
8998 120 (191_86,10808)
9001 121 (191_86,10817)
9002 122 (191_86,10820)
9003 123 (191_86,10823)
9026 124 (191_86,10892)
9027 125 (191_86,10895)
9028 126 (191_86,10898)
9029 127 (191_86,10901)
9030 128 (191_86,10904)
9031 129 (191_86,10907)
9032 130 (191_86,10910)
9033 131 (191_86,10913)
9034 132 (191_86,10916)
9035 133 (191_86,10919)
9036 134 (191_86,10922)
9037 135 (191_86,10925)
9038 136 (191_86,10928)
9039 137 (191_86,10931)
9040 138 (191_86,10934)
9041 139 (191_86,10937)
9042 140 (191_86,10940)
9043 141 (191_86,10943)
9048 142 (191_86,10958)
9049 143 (191_86,10961)
10485 144 (191_86,15269)
10486 145 (191_86,15272)
10487 146 (191_86,15275)
10488 147 (191_86,15278)
10489 148 (191_86,15281)
10495 149 (191_86,15299)
10496 150 (191_86,15302)
10497 151 (191_86,15305)
10498 152 (191_86,15308)
10499 153 (191_86,15311)
10506 154 (191_86,15332)
10507 155 (191_86,15335)
10508 156 (191_86,15338)
10509 157 (191_86,15341)
10510 158 (191_86,15344)
10516 159 (191_86,15362)
10517 160 (191_86,15365)
10518 161 (191_86,15368)
10519 162 (191_86,15371)
10764 163 (191_86,16106)
10765 164 (191_86,16109)
10767 165 (191_86,16115)
10768 166 (191_86,16118)
10769 167 (191_86,16121)
10775 168 (191_86,16139)
10780 169 (191_86,16154)
10783 170 (191_86,16163)
10798 171 (191_86,16208)
10799 172 (191_86,16211)
10807 173 (191_86,16235)
10808 174 (191_86,16238)
10832 175 (191_86,16310)
10833 176 (191_86,16313)
10834 177 (191_86,16316)
10835 178 (191_86,16319)
10836 179 (191_86,16322)
10837 180 (191_86,16325)
10838 181 (191_86,16328)
10839 182 (191_86,16331)
10840 183 (191_86,16334)
10841 184 (191_86,16337)
10842 185 (191_86,16340)
10843 186 (191_86,16343)
10844 187 (191_86,16346)
10854 188 (191_86,16376)
10855 189 (191_86,16379)
10856 190 (191_86,16382)
10857 191 (191_86,16385)
10858 192 (191_86,16388)
