total fp is :42
741 1 (191_84,2285)
742 2 (191_84,2288)
745 3 (191_84,2297)
1279 4 (191_84,3899)
1689 5 (191_84,5129)
1690 6 (191_84,5132)
1691 7 (191_84,5135)
1761 8 (191_84,5345)
5526 9 (191_86,392)
5527 10 (191_86,395)
5528 11 (191_86,398)
5529 12 (191_86,401)
5530 13 (191_86,404)
5531 14 (191_86,407)
9055 15 (191_86,10979)
9056 16 (191_86,10982)
9059 17 (191_86,10991)
9062 18 (191_86,11000)
9063 19 (191_86,11003)
9064 20 (191_86,11006)
9065 21 (191_86,11009)
9066 22 (191_86,11012)
9067 23 (191_86,11015)
9068 24 (191_86,11018)
9070 25 (191_86,11024)
9071 26 (191_86,11027)
9072 27 (191_86,11030)
9073 28 (191_86,11033)
9074 29 (191_86,11036)
9075 30 (191_86,11039)
9076 31 (191_86,11042)
9079 32 (191_86,11051)
9080 33 (191_86,11054)
9081 34 (191_86,11057)
9082 35 (191_86,11060)
9085 36 (191_86,11069)
9087 37 (191_86,11075)
9088 38 (191_86,11078)
9089 39 (191_86,11081)
9090 40 (191_86,11084)
11049 41 (191_86,16961)
11050 42 (191_86,16964)
total fn is :110
680 1 (191_84,2102)
681 2 (191_84,2105)
687 3 (191_84,2123)
688 4 (191_84,2126)
689 5 (191_84,2129)
690 6 (191_84,2132)
691 7 (191_84,2135)
692 8 (191_84,2138)
693 9 (191_84,2141)
694 10 (191_84,2144)
719 11 (191_84,2219)
720 12 (191_84,2222)
721 13 (191_84,2225)
722 14 (191_84,2228)
727 15 (191_84,2243)
728 16 (191_84,2246)
729 17 (191_84,2249)
1186 18 (191_84,3620)
1187 19 (191_84,3623)
1188 20 (191_84,3626)
1189 21 (191_84,3629)
1202 22 (191_84,3668)
1203 23 (191_84,3671)
1204 24 (191_84,3674)
1205 25 (191_84,3677)
1206 26 (191_84,3680)
1220 27 (191_84,3722)
1221 28 (191_84,3725)
1230 29 (191_84,3752)
1231 30 (191_84,3755)
4700 31 (191_85,8386)
4701 32 (191_85,8389)
4704 33 (191_85,8398)
4705 34 (191_85,8401)
4706 35 (191_85,8404)
5350 36 (191_85,10426)
5351 37 (191_85,10429)
5357 38 (191_85,10447)
5358 39 (191_85,10450)
5359 40 (191_85,10453)
5360 41 (191_85,10456)
5361 42 (191_85,10459)
5362 43 (191_85,10462)
5363 44 (191_85,10465)
5364 45 (191_85,10468)
5365 46 (191_85,10471)
5366 47 (191_85,10474)
5367 48 (191_85,10477)
5368 49 (191_85,10480)
5369 50 (191_85,10483)
5370 51 (191_85,10486)
5371 52 (191_85,10489)
5372 53 (191_85,10492)
5373 54 (191_85,10495)
5374 55 (191_85,10498)
5375 56 (191_85,10501)
5376 57 (191_85,10504)
5377 58 (191_85,10507)
5378 59 (191_85,10510)
5379 60 (191_85,10513)
5380 61 (191_85,10516)
5381 62 (191_85,10519)
5382 63 (191_85,10522)
8986 64 (191_86,10772)
8987 65 (191_86,10775)
8988 66 (191_86,10778)
8989 67 (191_86,10781)
8990 68 (191_86,10784)
8991 69 (191_86,10787)
8992 70 (191_86,10790)
8993 71 (191_86,10793)
8994 72 (191_86,10796)
8997 73 (191_86,10805)
8998 74 (191_86,10808)
9001 75 (191_86,10817)
9033 76 (191_86,10913)
9034 77 (191_86,10916)
9035 78 (191_86,10919)
9036 79 (191_86,10922)
9037 80 (191_86,10925)
9038 81 (191_86,10928)
9041 82 (191_86,10937)
9043 83 (191_86,10943)
10485 84 (191_86,15269)
10486 85 (191_86,15272)
10487 86 (191_86,15275)
10488 87 (191_86,15278)
10496 88 (191_86,15302)
10497 89 (191_86,15305)
10498 90 (191_86,15308)
10499 91 (191_86,15311)
10506 92 (191_86,15332)
10507 93 (191_86,15335)
10508 94 (191_86,15338)
10509 95 (191_86,15341)
10516 96 (191_86,15362)
10517 97 (191_86,15365)
10519 98 (191_86,15371)
10764 99 (191_86,16106)
10765 100 (191_86,16109)
10767 101 (191_86,16115)
10768 102 (191_86,16118)
10775 103 (191_86,16139)
10783 104 (191_86,16163)
10798 105 (191_86,16208)
10807 106 (191_86,16235)
10855 107 (191_86,16379)
10856 108 (191_86,16382)
10857 109 (191_86,16385)
10858 110 (191_86,16388)
