total fp is :3
9073 1 (191_86,11033)
9075 2 (191_86,11039)
11049 3 (191_86,16961)
total fn is :348
680 1 (191_84,2102)
681 2 (191_84,2105)
682 3 (191_84,2108)
683 4 (191_84,2111)
684 5 (191_84,2114)
685 6 (191_84,2117)
686 7 (191_84,2120)
687 8 (191_84,2123)
688 9 (191_84,2126)
689 10 (191_84,2129)
690 11 (191_84,2132)
691 12 (191_84,2135)
692 13 (191_84,2138)
693 14 (191_84,2141)
694 15 (191_84,2144)
695 16 (191_84,2147)
696 17 (191_84,2150)
697 18 (191_84,2153)
698 19 (191_84,2156)
699 20 (191_84,2159)
700 21 (191_84,2162)
701 22 (191_84,2165)
702 23 (191_84,2168)
703 24 (191_84,2171)
704 25 (191_84,2174)
705 26 (191_84,2177)
706 27 (191_84,2180)
707 28 (191_84,2183)
708 29 (191_84,2186)
709 30 (191_84,2189)
710 31 (191_84,2192)
711 32 (191_84,2195)
712 33 (191_84,2198)
713 34 (191_84,2201)
714 35 (191_84,2204)
715 36 (191_84,2207)
716 37 (191_84,2210)
717 38 (191_84,2213)
718 39 (191_84,2216)
719 40 (191_84,2219)
720 41 (191_84,2222)
721 42 (191_84,2225)
722 43 (191_84,2228)
723 44 (191_84,2231)
724 45 (191_84,2234)
725 46 (191_84,2237)
726 47 (191_84,2240)
727 48 (191_84,2243)
728 49 (191_84,2246)
729 50 (191_84,2249)
730 51 (191_84,2252)
731 52 (191_84,2255)
732 53 (191_84,2258)
733 54 (191_84,2261)
734 55 (191_84,2264)
735 56 (191_84,2267)
736 57 (191_84,2270)
737 58 (191_84,2273)
738 59 (191_84,2276)
739 60 (191_84,2279)
1186 61 (191_84,3620)
1187 62 (191_84,3623)
1188 63 (191_84,3626)
1189 64 (191_84,3629)
1190 65 (191_84,3632)
1191 66 (191_84,3635)
1192 67 (191_84,3638)
1193 68 (191_84,3641)
1199 69 (191_84,3659)
1200 70 (191_84,3662)
1201 71 (191_84,3665)
1202 72 (191_84,3668)
1203 73 (191_84,3671)
1204 74 (191_84,3674)
1205 75 (191_84,3677)
1206 76 (191_84,3680)
1207 77 (191_84,3683)
1208 78 (191_84,3686)
1209 79 (191_84,3689)
1210 80 (191_84,3692)
1211 81 (191_84,3695)
1212 82 (191_84,3698)
1213 83 (191_84,3701)
1214 84 (191_84,3704)
1215 85 (191_84,3707)
1216 86 (191_84,3710)
1217 87 (191_84,3713)
1218 88 (191_84,3716)
1219 89 (191_84,3719)
1220 90 (191_84,3722)
1221 91 (191_84,3725)
1222 92 (191_84,3728)
1223 93 (191_84,3731)
1224 94 (191_84,3734)
1225 95 (191_84,3737)
1226 96 (191_84,3740)
1227 97 (191_84,3743)
1228 98 (191_84,3746)
1229 99 (191_84,3749)
1230 100 (191_84,3752)
1231 101 (191_84,3755)
1232 102 (191_84,3758)
1233 103 (191_84,3761)
1234 104 (191_84,3764)
1256 105 (191_84,3830)
1257 106 (191_84,3833)
1258 107 (191_84,3836)
1259 108 (191_84,3839)
1260 109 (191_84,3842)
1261 110 (191_84,3845)
1262 111 (191_84,3848)
1263 112 (191_84,3851)
1264 113 (191_84,3854)
1265 114 (191_84,3857)
1266 115 (191_84,3860)
1267 116 (191_84,3863)
1268 117 (191_84,3866)
1269 118 (191_84,3869)
1270 119 (191_84,3872)
1271 120 (191_84,3875)
1272 121 (191_84,3878)
1273 122 (191_84,3881)
1274 123 (191_84,3884)
1275 124 (191_84,3887)
1276 125 (191_84,3890)
1277 126 (191_84,3893)
1278 127 (191_84,3896)
4700 128 (191_85,8386)
4701 129 (191_85,8389)
4702 130 (191_85,8392)
4703 131 (191_85,8395)
4704 132 (191_85,8398)
4705 133 (191_85,8401)
4706 134 (191_85,8404)
4707 135 (191_85,8407)
4708 136 (191_85,8410)
4709 137 (191_85,8413)
4710 138 (191_85,8416)
4711 139 (191_85,8419)
4729 140 (191_85,8473)
4730 141 (191_85,8476)
4731 142 (191_85,8479)
4732 143 (191_85,8482)
4733 144 (191_85,8485)
4734 145 (191_85,8488)
4735 146 (191_85,8491)
4736 147 (191_85,8494)
4737 148 (191_85,8497)
4738 149 (191_85,8500)
4739 150 (191_85,8503)
4740 151 (191_85,8506)
4741 152 (191_85,8509)
4742 153 (191_85,8512)
4743 154 (191_85,8515)
4744 155 (191_85,8518)
4745 156 (191_85,8521)
4746 157 (191_85,8524)
4747 158 (191_85,8527)
4748 159 (191_85,8530)
4749 160 (191_85,8533)
4750 161 (191_85,8536)
4751 162 (191_85,8539)
5350 163 (191_85,10426)
5351 164 (191_85,10429)
5352 165 (191_85,10432)
5357 166 (191_85,10447)
5358 167 (191_85,10450)
5359 168 (191_85,10453)
5360 169 (191_85,10456)
5361 170 (191_85,10459)
5362 171 (191_85,10462)
5363 172 (191_85,10465)
5364 173 (191_85,10468)
5365 174 (191_85,10471)
5366 175 (191_85,10474)
5367 176 (191_85,10477)
5368 177 (191_85,10480)
5369 178 (191_85,10483)
5370 179 (191_85,10486)
5371 180 (191_85,10489)
5372 181 (191_85,10492)
5373 182 (191_85,10495)
5374 183 (191_85,10498)
5375 184 (191_85,10501)
5376 185 (191_85,10504)
5377 186 (191_85,10507)
5378 187 (191_85,10510)
5379 188 (191_85,10513)
5380 189 (191_85,10516)
5381 190 (191_85,10519)
5382 191 (191_85,10522)
8986 192 (191_86,10772)
8987 193 (191_86,10775)
8988 194 (191_86,10778)
8989 195 (191_86,10781)
8990 196 (191_86,10784)
8991 197 (191_86,10787)
8992 198 (191_86,10790)
8993 199 (191_86,10793)
8994 200 (191_86,10796)
8995 201 (191_86,10799)
8996 202 (191_86,10802)
8997 203 (191_86,10805)
8998 204 (191_86,10808)
8999 205 (191_86,10811)
9000 206 (191_86,10814)
9001 207 (191_86,10817)
9002 208 (191_86,10820)
9003 209 (191_86,10823)
9025 210 (191_86,10889)
9026 211 (191_86,10892)
9027 212 (191_86,10895)
9028 213 (191_86,10898)
9029 214 (191_86,10901)
9030 215 (191_86,10904)
9031 216 (191_86,10907)
9032 217 (191_86,10910)
9033 218 (191_86,10913)
9034 219 (191_86,10916)
9035 220 (191_86,10919)
9036 221 (191_86,10922)
9037 222 (191_86,10925)
9038 223 (191_86,10928)
9039 224 (191_86,10931)
9040 225 (191_86,10934)
9041 226 (191_86,10937)
9042 227 (191_86,10940)
9043 228 (191_86,10943)
9044 229 (191_86,10946)
9045 230 (191_86,10949)
9046 231 (191_86,10952)
9047 232 (191_86,10955)
9048 233 (191_86,10958)
9049 234 (191_86,10961)
9051 235 (191_86,10967)
9052 236 (191_86,10970)
9053 237 (191_86,10973)
9054 238 (191_86,10976)
10485 239 (191_86,15269)
10486 240 (191_86,15272)
10487 241 (191_86,15275)
10488 242 (191_86,15278)
10489 243 (191_86,15281)
10490 244 (191_86,15284)
10491 245 (191_86,15287)
10492 246 (191_86,15290)
10493 247 (191_86,15293)
10494 248 (191_86,15296)
10495 249 (191_86,15299)
10496 250 (191_86,15302)
10497 251 (191_86,15305)
10498 252 (191_86,15308)
10499 253 (191_86,15311)
10500 254 (191_86,15314)
10502 255 (191_86,15320)
10503 256 (191_86,15323)
10504 257 (191_86,15326)
10505 258 (191_86,15329)
10506 259 (191_86,15332)
10507 260 (191_86,15335)
10508 261 (191_86,15338)
10509 262 (191_86,15341)
10510 263 (191_86,15344)
10511 264 (191_86,15347)
10514 265 (191_86,15356)
10515 266 (191_86,15359)
10516 267 (191_86,15362)
10517 268 (191_86,15365)
10518 269 (191_86,15368)
10519 270 (191_86,15371)
10764 271 (191_86,16106)
10765 272 (191_86,16109)
10766 273 (191_86,16112)
10767 274 (191_86,16115)
10768 275 (191_86,16118)
10769 276 (191_86,16121)
10770 277 (191_86,16124)
10771 278 (191_86,16127)
10772 279 (191_86,16130)
10773 280 (191_86,16133)
10774 281 (191_86,16136)
10775 282 (191_86,16139)
10776 283 (191_86,16142)
10777 284 (191_86,16145)
10778 285 (191_86,16148)
10779 286 (191_86,16151)
10780 287 (191_86,16154)
10781 288 (191_86,16157)
10782 289 (191_86,16160)
10783 290 (191_86,16163)
10784 291 (191_86,16166)
10785 292 (191_86,16169)
10786 293 (191_86,16172)
10787 294 (191_86,16175)
10788 295 (191_86,16178)
10789 296 (191_86,16181)
10790 297 (191_86,16184)
10791 298 (191_86,16187)
10792 299 (191_86,16190)
10793 300 (191_86,16193)
10794 301 (191_86,16196)
10795 302 (191_86,16199)
10796 303 (191_86,16202)
10797 304 (191_86,16205)
10798 305 (191_86,16208)
10799 306 (191_86,16211)
10800 307 (191_86,16214)
10801 308 (191_86,16217)
10802 309 (191_86,16220)
10803 310 (191_86,16223)
10804 311 (191_86,16226)
10805 312 (191_86,16229)
10806 313 (191_86,16232)
10807 314 (191_86,16235)
10808 315 (191_86,16238)
10809 316 (191_86,16241)
10810 317 (191_86,16244)
10811 318 (191_86,16247)
10812 319 (191_86,16250)
10813 320 (191_86,16253)
10831 321 (191_86,16307)
10832 322 (191_86,16310)
10833 323 (191_86,16313)
10834 324 (191_86,16316)
10835 325 (191_86,16319)
10836 326 (191_86,16322)
10837 327 (191_86,16325)
10838 328 (191_86,16328)
10839 329 (191_86,16331)
10840 330 (191_86,16334)
10841 331 (191_86,16337)
10842 332 (191_86,16340)
10843 333 (191_86,16343)
10844 334 (191_86,16346)
10845 335 (191_86,16349)
10846 336 (191_86,16352)
10847 337 (191_86,16355)
10848 338 (191_86,16358)
10849 339 (191_86,16361)
10850 340 (191_86,16364)
10851 341 (191_86,16367)
10852 342 (191_86,16370)
10853 343 (191_86,16373)
10854 344 (191_86,16376)
10855 345 (191_86,16379)
10856 346 (191_86,16382)
10857 347 (191_86,16385)
10858 348 (191_86,16388)
