total fp is :187
28 1 (191_84,126)
138 2 (191_84,456)
139 3 (191_84,459)
140 4 (191_84,462)
142 5 (191_84,468)
154 6 (191_84,504)
155 7 (191_84,507)
160 8 (191_84,522)
161 9 (191_84,525)
167 10 (191_84,543)
179 11 (191_84,579)
184 12 (191_84,594)
188 13 (191_84,606)
229 14 (191_84,729)
234 15 (191_84,744)
235 16 (191_84,747)
236 17 (191_84,750)
237 18 (191_84,753)
238 19 (191_84,756)
241 20 (191_84,765)
253 21 (191_84,801)
254 22 (191_84,804)
259 23 (191_84,819)
284 24 (191_84,894)
296 25 (191_84,930)
297 26 (191_84,933)
298 27 (191_84,936)
322 28 (191_84,1008)
350 29 (191_84,1092)
366 30 (191_84,1140)
476 31 (191_84,1470)
533 32 (191_84,1641)
741 33 (191_84,2285)
742 34 (191_84,2288)
744 35 (191_84,2294)
745 36 (191_84,2297)
809 37 (191_84,2489)
1003 38 (191_84,3071)
1012 39 (191_84,3098)
1279 40 (191_84,3899)
1526 41 (191_84,4640)
1584 42 (191_84,4814)
1604 43 (191_84,4874)
1605 44 (191_84,4877)
1624 45 (191_84,4934)
1675 46 (191_84,5087)
1687 47 (191_84,5123)
1688 48 (191_84,5126)
1689 49 (191_84,5129)
1690 50 (191_84,5132)
1691 51 (191_84,5135)
1692 52 (191_84,5138)
1758 53 (191_84,5336)
1759 54 (191_84,5339)
1760 55 (191_84,5342)
1761 56 (191_84,5345)
2218 57 (191_85,940)
2222 58 (191_85,952)
2223 59 (191_85,955)
2224 60 (191_85,958)
2235 61 (191_85,991)
2236 62 (191_85,994)
2237 63 (191_85,997)
2238 64 (191_85,1000)
2246 65 (191_85,1024)
2254 66 (191_85,1048)
2269 67 (191_85,1093)
2270 68 (191_85,1096)
2272 69 (191_85,1102)
2273 70 (191_85,1105)
2274 71 (191_85,1108)
2289 72 (191_85,1153)
2290 73 (191_85,1156)
2301 74 (191_85,1189)
2321 75 (191_85,1249)
2322 76 (191_85,1252)
2325 77 (191_85,1261)
2326 78 (191_85,1264)
2327 79 (191_85,1267)
2333 80 (191_85,1285)
2334 81 (191_85,1288)
2335 82 (191_85,1291)
2364 83 (191_85,1378)
2391 84 (191_85,1459)
4752 85 (191_85,8542)
4969 86 (191_85,9193)
4970 87 (191_85,9196)
5018 88 (191_85,9340)
5127 89 (191_85,9667)
5264 90 (191_85,10078)
5267 91 (191_85,10087)
5268 92 (191_85,10090)
5332 93 (191_85,10372)
5333 94 (191_85,10375)
5334 95 (191_85,10378)
5337 96 (191_85,10387)
5346 97 (191_85,10414)
5347 98 (191_85,10417)
5445 99 (191_86,149)
5526 100 (191_86,392)
5527 101 (191_86,395)
5528 102 (191_86,398)
5529 103 (191_86,401)
5530 104 (191_86,404)
5531 105 (191_86,407)
5532 106 (191_86,410)
5606 107 (191_86,632)
5607 108 (191_86,635)
5611 109 (191_86,647)
5626 110 (191_86,692)
5627 111 (191_86,695)
5630 112 (191_86,704)
5636 113 (191_86,722)
5643 114 (191_86,743)
5647 115 (191_86,755)
5662 116 (191_86,800)
5700 117 (191_86,914)
8769 118 (191_86,10121)
9055 119 (191_86,10979)
9056 120 (191_86,10982)
9059 121 (191_86,10991)
9061 122 (191_86,10997)
9062 123 (191_86,11000)
9063 124 (191_86,11003)
9064 125 (191_86,11006)
9065 126 (191_86,11009)
9066 127 (191_86,11012)
9067 128 (191_86,11015)
9068 129 (191_86,11018)
9069 130 (191_86,11021)
9070 131 (191_86,11024)
9071 132 (191_86,11027)
9072 133 (191_86,11030)
9073 134 (191_86,11033)
9074 135 (191_86,11036)
9075 136 (191_86,11039)
9076 137 (191_86,11042)
9077 138 (191_86,11045)
9078 139 (191_86,11048)
9079 140 (191_86,11051)
9080 141 (191_86,11054)
9081 142 (191_86,11057)
9082 143 (191_86,11060)
9083 144 (191_86,11063)
9084 145 (191_86,11066)
9085 146 (191_86,11069)
9086 147 (191_86,11072)
9087 148 (191_86,11075)
9088 149 (191_86,11078)
9089 150 (191_86,11081)
9090 151 (191_86,11084)
9091 152 (191_86,11087)
9092 153 (191_86,11090)
9293 154 (191_86,11693)
9294 155 (191_86,11696)
9356 156 (191_86,11882)
9401 157 (191_86,12017)
9433 158 (191_86,12113)
10220 159 (191_86,14474)
10291 160 (191_86,14687)
10409 161 (191_86,15041)
10429 162 (191_86,15101)
10440 163 (191_86,15134)
10441 164 (191_86,15137)
10442 165 (191_86,15140)
10443 166 (191_86,15143)
10472 167 (191_86,15230)
10680 168 (191_86,15854)
10718 169 (191_86,15968)
10738 170 (191_86,16028)
10879 171 (191_86,16451)
10898 172 (191_86,16508)
10927 173 (191_86,16595)
10981 174 (191_86,16757)
10994 175 (191_86,16796)
11000 176 (191_86,16814)
11001 177 (191_86,16817)
11002 178 (191_86,16820)
11019 179 (191_86,16871)
11045 180 (191_86,16949)
11046 181 (191_86,16952)
11047 182 (191_86,16955)
11048 183 (191_86,16958)
11049 184 (191_86,16961)
11050 185 (191_86,16964)
11051 186 (191_86,16967)
11105 187 (191_86,17210)
total fn is :58
681 1 (191_84,2105)
688 2 (191_84,2126)
689 3 (191_84,2129)
690 4 (191_84,2132)
691 5 (191_84,2135)
692 6 (191_84,2138)
719 7 (191_84,2219)
720 8 (191_84,2222)
721 9 (191_84,2225)
729 10 (191_84,2249)
1186 11 (191_84,3620)
1187 12 (191_84,3623)
1188 13 (191_84,3626)
1206 14 (191_84,3680)
4700 15 (191_85,8386)
4704 16 (191_85,8398)
4705 17 (191_85,8401)
4706 18 (191_85,8404)
5350 19 (191_85,10426)
5357 20 (191_85,10447)
5362 21 (191_85,10462)
5363 22 (191_85,10465)
5364 23 (191_85,10468)
5365 24 (191_85,10471)
5366 25 (191_85,10474)
5367 26 (191_85,10477)
5368 27 (191_85,10480)
5369 28 (191_85,10483)
5370 29 (191_85,10486)
5371 30 (191_85,10489)
5372 31 (191_85,10492)
5373 32 (191_85,10495)
5374 33 (191_85,10498)
5375 34 (191_85,10501)
5378 35 (191_85,10510)
5379 36 (191_85,10513)
5380 37 (191_85,10516)
5381 38 (191_85,10519)
5382 39 (191_85,10522)
8986 40 (191_86,10772)
8987 41 (191_86,10775)
8988 42 (191_86,10778)
8989 43 (191_86,10781)
8990 44 (191_86,10784)
8992 45 (191_86,10790)
8993 46 (191_86,10793)
9033 47 (191_86,10913)
9034 48 (191_86,10916)
10486 49 (191_86,15272)
10487 50 (191_86,15275)
10488 51 (191_86,15278)
10496 52 (191_86,15302)
10497 53 (191_86,15305)
10498 54 (191_86,15308)
10509 55 (191_86,15341)
10764 56 (191_86,16106)
10807 57 (191_86,16235)
10858 58 (191_86,16388)
