total fp is :51
229 1 (191_84,729)
237 2 (191_84,753)
238 3 (191_84,756)
296 4 (191_84,930)
297 5 (191_84,933)
741 6 (191_84,2285)
742 7 (191_84,2288)
745 8 (191_84,2297)
1279 9 (191_84,3899)
1689 10 (191_84,5129)
1690 11 (191_84,5132)
1691 12 (191_84,5135)
1761 13 (191_84,5345)
2236 14 (191_85,994)
5332 15 (191_85,10372)
5526 16 (191_86,392)
5527 17 (191_86,395)
5528 18 (191_86,398)
5529 19 (191_86,401)
5530 20 (191_86,404)
5531 21 (191_86,407)
9055 22 (191_86,10979)
9056 23 (191_86,10982)
9059 24 (191_86,10991)
9062 25 (191_86,11000)
9063 26 (191_86,11003)
9064 27 (191_86,11006)
9065 28 (191_86,11009)
9066 29 (191_86,11012)
9067 30 (191_86,11015)
9068 31 (191_86,11018)
9070 32 (191_86,11024)
9071 33 (191_86,11027)
9072 34 (191_86,11030)
9073 35 (191_86,11033)
9074 36 (191_86,11036)
9075 37 (191_86,11039)
9076 38 (191_86,11042)
9078 39 (191_86,11048)
9079 40 (191_86,11051)
9080 41 (191_86,11054)
9081 42 (191_86,11057)
9082 43 (191_86,11060)
9085 44 (191_86,11069)
9086 45 (191_86,11072)
9087 46 (191_86,11075)
9088 47 (191_86,11078)
9089 48 (191_86,11081)
9090 49 (191_86,11084)
11049 50 (191_86,16961)
11050 51 (191_86,16964)
total fn is :100
680 1 (191_84,2102)
681 2 (191_84,2105)
688 3 (191_84,2126)
689 4 (191_84,2129)
690 5 (191_84,2132)
691 6 (191_84,2135)
692 7 (191_84,2138)
693 8 (191_84,2141)
719 9 (191_84,2219)
720 10 (191_84,2222)
721 11 (191_84,2225)
722 12 (191_84,2228)
727 13 (191_84,2243)
728 14 (191_84,2246)
729 15 (191_84,2249)
1186 16 (191_84,3620)
1187 17 (191_84,3623)
1188 18 (191_84,3626)
1189 19 (191_84,3629)
1202 20 (191_84,3668)
1203 21 (191_84,3671)
1204 22 (191_84,3674)
1205 23 (191_84,3677)
1206 24 (191_84,3680)
1220 25 (191_84,3722)
1221 26 (191_84,3725)
1230 27 (191_84,3752)
1231 28 (191_84,3755)
4700 29 (191_85,8386)
4701 30 (191_85,8389)
4704 31 (191_85,8398)
4705 32 (191_85,8401)
4706 33 (191_85,8404)
5350 34 (191_85,10426)
5351 35 (191_85,10429)
5357 36 (191_85,10447)
5358 37 (191_85,10450)
5359 38 (191_85,10453)
5360 39 (191_85,10456)
5361 40 (191_85,10459)
5362 41 (191_85,10462)
5363 42 (191_85,10465)
5364 43 (191_85,10468)
5365 44 (191_85,10471)
5366 45 (191_85,10474)
5367 46 (191_85,10477)
5368 47 (191_85,10480)
5369 48 (191_85,10483)
5370 49 (191_85,10486)
5371 50 (191_85,10489)
5372 51 (191_85,10492)
5373 52 (191_85,10495)
5374 53 (191_85,10498)
5375 54 (191_85,10501)
5376 55 (191_85,10504)
5377 56 (191_85,10507)
5378 57 (191_85,10510)
5379 58 (191_85,10513)
5380 59 (191_85,10516)
5381 60 (191_85,10519)
5382 61 (191_85,10522)
8986 62 (191_86,10772)
8987 63 (191_86,10775)
8988 64 (191_86,10778)
8989 65 (191_86,10781)
8990 66 (191_86,10784)
8991 67 (191_86,10787)
8992 68 (191_86,10790)
8993 69 (191_86,10793)
8997 70 (191_86,10805)
8998 71 (191_86,10808)
9001 72 (191_86,10817)
9033 73 (191_86,10913)
9034 74 (191_86,10916)
9035 75 (191_86,10919)
9036 76 (191_86,10922)
9037 77 (191_86,10925)
9041 78 (191_86,10937)
9043 79 (191_86,10943)
10485 80 (191_86,15269)
10486 81 (191_86,15272)
10487 82 (191_86,15275)
10488 83 (191_86,15278)
10496 84 (191_86,15302)
10497 85 (191_86,15305)
10498 86 (191_86,15308)
10507 87 (191_86,15335)
10508 88 (191_86,15338)
10509 89 (191_86,15341)
10516 90 (191_86,15362)
10764 91 (191_86,16106)
10765 92 (191_86,16109)
10768 93 (191_86,16118)
10783 94 (191_86,16163)
10798 95 (191_86,16208)
10807 96 (191_86,16235)
10855 97 (191_86,16379)
10856 98 (191_86,16382)
10857 99 (191_86,16385)
10858 100 (191_86,16388)
