total fp is :102
154 1 (191_84,504)
155 2 (191_84,507)
161 3 (191_84,525)
229 4 (191_84,729)
234 5 (191_84,744)
235 6 (191_84,747)
236 7 (191_84,750)
237 8 (191_84,753)
238 9 (191_84,756)
253 10 (191_84,801)
254 11 (191_84,804)
259 12 (191_84,819)
284 13 (191_84,894)
296 14 (191_84,930)
297 15 (191_84,933)
741 16 (191_84,2285)
742 17 (191_84,2288)
744 18 (191_84,2294)
745 19 (191_84,2297)
1279 20 (191_84,3899)
1605 21 (191_84,4877)
1689 22 (191_84,5129)
1690 23 (191_84,5132)
1691 24 (191_84,5135)
1692 25 (191_84,5138)
1758 26 (191_84,5336)
1759 27 (191_84,5339)
1760 28 (191_84,5342)
1761 29 (191_84,5345)
2218 30 (191_85,940)
2235 31 (191_85,991)
2236 32 (191_85,994)
2237 33 (191_85,997)
2238 34 (191_85,1000)
2269 35 (191_85,1093)
2270 36 (191_85,1096)
2272 37 (191_85,1102)
2290 38 (191_85,1156)
2326 39 (191_85,1264)
2334 40 (191_85,1288)
2335 41 (191_85,1291)
4969 42 (191_85,9193)
5267 43 (191_85,10087)
5268 44 (191_85,10090)
5332 45 (191_85,10372)
5333 46 (191_85,10375)
5526 47 (191_86,392)
5527 48 (191_86,395)
5528 49 (191_86,398)
5529 50 (191_86,401)
5530 51 (191_86,404)
5531 52 (191_86,407)
5532 53 (191_86,410)
5607 54 (191_86,635)
5611 55 (191_86,647)
5626 56 (191_86,692)
9055 57 (191_86,10979)
9056 58 (191_86,10982)
9059 59 (191_86,10991)
9061 60 (191_86,10997)
9062 61 (191_86,11000)
9063 62 (191_86,11003)
9064 63 (191_86,11006)
9065 64 (191_86,11009)
9066 65 (191_86,11012)
9067 66 (191_86,11015)
9068 67 (191_86,11018)
9069 68 (191_86,11021)
9070 69 (191_86,11024)
9071 70 (191_86,11027)
9072 71 (191_86,11030)
9073 72 (191_86,11033)
9074 73 (191_86,11036)
9075 74 (191_86,11039)
9076 75 (191_86,11042)
9077 76 (191_86,11045)
9078 77 (191_86,11048)
9079 78 (191_86,11051)
9080 79 (191_86,11054)
9081 80 (191_86,11057)
9082 81 (191_86,11060)
9084 82 (191_86,11066)
9085 83 (191_86,11069)
9086 84 (191_86,11072)
9087 85 (191_86,11075)
9088 86 (191_86,11078)
9089 87 (191_86,11081)
9090 88 (191_86,11084)
9092 89 (191_86,11090)
10440 90 (191_86,15134)
10441 91 (191_86,15137)
10442 92 (191_86,15140)
11001 93 (191_86,16817)
11002 94 (191_86,16820)
11019 95 (191_86,16871)
11045 96 (191_86,16949)
11046 97 (191_86,16952)
11047 98 (191_86,16955)
11048 99 (191_86,16958)
11049 100 (191_86,16961)
11050 101 (191_86,16964)
11105 102 (191_86,17210)
total fn is :71
680 1 (191_84,2102)
681 2 (191_84,2105)
688 3 (191_84,2126)
689 4 (191_84,2129)
690 5 (191_84,2132)
691 6 (191_84,2135)
692 7 (191_84,2138)
693 8 (191_84,2141)
719 9 (191_84,2219)
720 10 (191_84,2222)
721 11 (191_84,2225)
722 12 (191_84,2228)
729 13 (191_84,2249)
1186 14 (191_84,3620)
1187 15 (191_84,3623)
1188 16 (191_84,3626)
1206 17 (191_84,3680)
1220 18 (191_84,3722)
1221 19 (191_84,3725)
1231 20 (191_84,3755)
4700 21 (191_85,8386)
4701 22 (191_85,8389)
4704 23 (191_85,8398)
4705 24 (191_85,8401)
4706 25 (191_85,8404)
5350 26 (191_85,10426)
5357 27 (191_85,10447)
5361 28 (191_85,10459)
5362 29 (191_85,10462)
5363 30 (191_85,10465)
5364 31 (191_85,10468)
5365 32 (191_85,10471)
5366 33 (191_85,10474)
5367 34 (191_85,10477)
5368 35 (191_85,10480)
5369 36 (191_85,10483)
5370 37 (191_85,10486)
5371 38 (191_85,10489)
5372 39 (191_85,10492)
5373 40 (191_85,10495)
5374 41 (191_85,10498)
5375 42 (191_85,10501)
5378 43 (191_85,10510)
5379 44 (191_85,10513)
5380 45 (191_85,10516)
5381 46 (191_85,10519)
5382 47 (191_85,10522)
8986 48 (191_86,10772)
8987 49 (191_86,10775)
8988 50 (191_86,10778)
8989 51 (191_86,10781)
8990 52 (191_86,10784)
8991 53 (191_86,10787)
8992 54 (191_86,10790)
8993 55 (191_86,10793)
8997 56 (191_86,10805)
9033 57 (191_86,10913)
9034 58 (191_86,10916)
10485 59 (191_86,15269)
10486 60 (191_86,15272)
10487 61 (191_86,15275)
10488 62 (191_86,15278)
10496 63 (191_86,15302)
10497 64 (191_86,15305)
10498 65 (191_86,15308)
10509 66 (191_86,15341)
10764 67 (191_86,16106)
10798 68 (191_86,16208)
10807 69 (191_86,16235)
10857 70 (191_86,16385)
10858 71 (191_86,16388)
