total fp is :68
229 1 (191_84,729)
237 2 (191_84,753)
238 3 (191_84,756)
296 4 (191_84,930)
297 5 (191_84,933)
741 6 (191_84,2285)
742 7 (191_84,2288)
745 8 (191_84,2297)
1279 9 (191_84,3899)
1689 10 (191_84,5129)
1690 11 (191_84,5132)
1691 12 (191_84,5135)
1760 13 (191_84,5342)
1761 14 (191_84,5345)
2235 15 (191_85,991)
2236 16 (191_85,994)
2237 17 (191_85,997)
2238 18 (191_85,1000)
2272 19 (191_85,1102)
2334 20 (191_85,1288)
5267 21 (191_85,10087)
5268 22 (191_85,10090)
5332 23 (191_85,10372)
5526 24 (191_86,392)
5527 25 (191_86,395)
5528 26 (191_86,398)
5529 27 (191_86,401)
5530 28 (191_86,404)
5531 29 (191_86,407)
5626 30 (191_86,692)
9055 31 (191_86,10979)
9056 32 (191_86,10982)
9059 33 (191_86,10991)
9061 34 (191_86,10997)
9062 35 (191_86,11000)
9063 36 (191_86,11003)
9064 37 (191_86,11006)
9065 38 (191_86,11009)
9066 39 (191_86,11012)
9067 40 (191_86,11015)
9068 41 (191_86,11018)
9070 42 (191_86,11024)
9071 43 (191_86,11027)
9072 44 (191_86,11030)
9073 45 (191_86,11033)
9074 46 (191_86,11036)
9075 47 (191_86,11039)
9076 48 (191_86,11042)
9077 49 (191_86,11045)
9078 50 (191_86,11048)
9079 51 (191_86,11051)
9080 52 (191_86,11054)
9081 53 (191_86,11057)
9082 54 (191_86,11060)
9085 55 (191_86,11069)
9086 56 (191_86,11072)
9087 57 (191_86,11075)
9088 58 (191_86,11078)
9089 59 (191_86,11081)
9090 60 (191_86,11084)
10441 61 (191_86,15137)
11019 62 (191_86,16871)
11045 63 (191_86,16949)
11046 64 (191_86,16952)
11047 65 (191_86,16955)
11048 66 (191_86,16958)
11049 67 (191_86,16961)
11050 68 (191_86,16964)
total fn is :87
680 1 (191_84,2102)
681 2 (191_84,2105)
688 3 (191_84,2126)
689 4 (191_84,2129)
690 5 (191_84,2132)
691 6 (191_84,2135)
692 7 (191_84,2138)
693 8 (191_84,2141)
719 9 (191_84,2219)
720 10 (191_84,2222)
721 11 (191_84,2225)
722 12 (191_84,2228)
727 13 (191_84,2243)
728 14 (191_84,2246)
729 15 (191_84,2249)
1186 16 (191_84,3620)
1187 17 (191_84,3623)
1188 18 (191_84,3626)
1189 19 (191_84,3629)
1202 20 (191_84,3668)
1203 21 (191_84,3671)
1204 22 (191_84,3674)
1206 23 (191_84,3680)
1220 24 (191_84,3722)
1221 25 (191_84,3725)
1231 26 (191_84,3755)
4700 27 (191_85,8386)
4701 28 (191_85,8389)
4704 29 (191_85,8398)
4705 30 (191_85,8401)
4706 31 (191_85,8404)
5350 32 (191_85,10426)
5357 33 (191_85,10447)
5361 34 (191_85,10459)
5362 35 (191_85,10462)
5363 36 (191_85,10465)
5364 37 (191_85,10468)
5365 38 (191_85,10471)
5366 39 (191_85,10474)
5367 40 (191_85,10477)
5368 41 (191_85,10480)
5369 42 (191_85,10483)
5370 43 (191_85,10486)
5371 44 (191_85,10489)
5372 45 (191_85,10492)
5373 46 (191_85,10495)
5374 47 (191_85,10498)
5375 48 (191_85,10501)
5376 49 (191_85,10504)
5377 50 (191_85,10507)
5378 51 (191_85,10510)
5379 52 (191_85,10513)
5380 53 (191_85,10516)
5381 54 (191_85,10519)
5382 55 (191_85,10522)
8986 56 (191_86,10772)
8987 57 (191_86,10775)
8988 58 (191_86,10778)
8989 59 (191_86,10781)
8990 60 (191_86,10784)
8991 61 (191_86,10787)
8992 62 (191_86,10790)
8993 63 (191_86,10793)
8997 64 (191_86,10805)
8998 65 (191_86,10808)
9033 66 (191_86,10913)
9034 67 (191_86,10916)
9035 68 (191_86,10919)
9041 69 (191_86,10937)
10485 70 (191_86,15269)
10486 71 (191_86,15272)
10487 72 (191_86,15275)
10488 73 (191_86,15278)
10496 74 (191_86,15302)
10497 75 (191_86,15305)
10498 76 (191_86,15308)
10507 77 (191_86,15335)
10509 78 (191_86,15341)
10516 79 (191_86,15362)
10764 80 (191_86,16106)
10765 81 (191_86,16109)
10798 82 (191_86,16208)
10807 83 (191_86,16235)
10855 84 (191_86,16379)
10856 85 (191_86,16382)
10857 86 (191_86,16385)
10858 87 (191_86,16388)
