total fp is :24
1690 1 (191_84,5132)
1691 2 (191_84,5135)
5527 3 (191_86,395)
5528 4 (191_86,398)
5529 5 (191_86,401)
5530 6 (191_86,404)
9055 7 (191_86,10979)
9062 8 (191_86,11000)
9067 9 (191_86,11015)
9068 10 (191_86,11018)
9070 11 (191_86,11024)
9071 12 (191_86,11027)
9072 13 (191_86,11030)
9073 14 (191_86,11033)
9074 15 (191_86,11036)
9075 16 (191_86,11039)
9079 17 (191_86,11051)
9080 18 (191_86,11054)
9081 19 (191_86,11057)
9088 20 (191_86,11078)
9089 21 (191_86,11081)
9090 22 (191_86,11084)
11049 23 (191_86,16961)
11050 24 (191_86,16964)
total fn is :201
680 1 (191_84,2102)
681 2 (191_84,2105)
685 3 (191_84,2117)
686 4 (191_84,2120)
687 5 (191_84,2123)
688 6 (191_84,2126)
689 7 (191_84,2129)
690 8 (191_84,2132)
691 9 (191_84,2135)
692 10 (191_84,2138)
693 11 (191_84,2141)
694 12 (191_84,2144)
695 13 (191_84,2147)
698 14 (191_84,2156)
699 15 (191_84,2159)
708 16 (191_84,2186)
710 17 (191_84,2192)
718 18 (191_84,2216)
719 19 (191_84,2219)
720 20 (191_84,2222)
721 21 (191_84,2225)
722 22 (191_84,2228)
723 23 (191_84,2231)
727 24 (191_84,2243)
728 25 (191_84,2246)
729 26 (191_84,2249)
730 27 (191_84,2252)
731 28 (191_84,2255)
732 29 (191_84,2258)
1186 30 (191_84,3620)
1187 31 (191_84,3623)
1188 32 (191_84,3626)
1189 33 (191_84,3629)
1202 34 (191_84,3668)
1203 35 (191_84,3671)
1204 36 (191_84,3674)
1205 37 (191_84,3677)
1206 38 (191_84,3680)
1207 39 (191_84,3683)
1213 40 (191_84,3701)
1217 41 (191_84,3713)
1219 42 (191_84,3719)
1220 43 (191_84,3722)
1221 44 (191_84,3725)
1222 45 (191_84,3728)
1223 46 (191_84,3731)
1227 47 (191_84,3743)
1229 48 (191_84,3749)
1230 49 (191_84,3752)
1231 50 (191_84,3755)
1257 51 (191_84,3833)
1258 52 (191_84,3836)
1259 53 (191_84,3839)
1260 54 (191_84,3842)
1261 55 (191_84,3845)
1262 56 (191_84,3848)
1263 57 (191_84,3851)
1264 58 (191_84,3854)
1265 59 (191_84,3857)
1266 60 (191_84,3860)
1267 61 (191_84,3863)
1268 62 (191_84,3866)
1269 63 (191_84,3869)
1270 64 (191_84,3872)
4700 65 (191_85,8386)
4701 66 (191_85,8389)
4702 67 (191_85,8392)
4703 68 (191_85,8395)
4704 69 (191_85,8398)
4705 70 (191_85,8401)
4706 71 (191_85,8404)
4707 72 (191_85,8407)
4708 73 (191_85,8410)
4730 74 (191_85,8476)
4731 75 (191_85,8479)
4732 76 (191_85,8482)
4733 77 (191_85,8485)
4734 78 (191_85,8488)
4735 79 (191_85,8491)
4736 80 (191_85,8494)
4737 81 (191_85,8497)
4738 82 (191_85,8500)
4739 83 (191_85,8503)
4740 84 (191_85,8506)
4741 85 (191_85,8509)
4742 86 (191_85,8512)
5350 87 (191_85,10426)
5351 88 (191_85,10429)
5357 89 (191_85,10447)
5358 90 (191_85,10450)
5359 91 (191_85,10453)
5360 92 (191_85,10456)
5361 93 (191_85,10459)
5362 94 (191_85,10462)
5363 95 (191_85,10465)
5364 96 (191_85,10468)
5365 97 (191_85,10471)
5366 98 (191_85,10474)
5367 99 (191_85,10477)
5368 100 (191_85,10480)
5369 101 (191_85,10483)
5370 102 (191_85,10486)
5371 103 (191_85,10489)
5372 104 (191_85,10492)
5373 105 (191_85,10495)
5374 106 (191_85,10498)
5375 107 (191_85,10501)
5376 108 (191_85,10504)
5377 109 (191_85,10507)
5378 110 (191_85,10510)
5379 111 (191_85,10513)
5380 112 (191_85,10516)
5381 113 (191_85,10519)
5382 114 (191_85,10522)
8986 115 (191_86,10772)
8987 116 (191_86,10775)
8988 117 (191_86,10778)
8989 118 (191_86,10781)
8990 119 (191_86,10784)
8991 120 (191_86,10787)
8992 121 (191_86,10790)
8993 122 (191_86,10793)
8994 123 (191_86,10796)
8995 124 (191_86,10799)
8997 125 (191_86,10805)
8998 126 (191_86,10808)
8999 127 (191_86,10811)
9001 128 (191_86,10817)
9002 129 (191_86,10820)
9003 130 (191_86,10823)
9026 131 (191_86,10892)
9027 132 (191_86,10895)
9028 133 (191_86,10898)
9029 134 (191_86,10901)
9030 135 (191_86,10904)
9031 136 (191_86,10907)
9032 137 (191_86,10910)
9033 138 (191_86,10913)
9034 139 (191_86,10916)
9035 140 (191_86,10919)
9036 141 (191_86,10922)
9037 142 (191_86,10925)
9038 143 (191_86,10928)
9039 144 (191_86,10931)
9040 145 (191_86,10934)
9041 146 (191_86,10937)
9042 147 (191_86,10940)
9043 148 (191_86,10943)
9044 149 (191_86,10946)
9048 150 (191_86,10958)
9049 151 (191_86,10961)
10485 152 (191_86,15269)
10486 153 (191_86,15272)
10487 154 (191_86,15275)
10488 155 (191_86,15278)
10489 156 (191_86,15281)
10495 157 (191_86,15299)
10496 158 (191_86,15302)
10497 159 (191_86,15305)
10498 160 (191_86,15308)
10499 161 (191_86,15311)
10506 162 (191_86,15332)
10507 163 (191_86,15335)
10508 164 (191_86,15338)
10509 165 (191_86,15341)
10510 166 (191_86,15344)
10514 167 (191_86,15356)
10516 168 (191_86,15362)
10517 169 (191_86,15365)
10518 170 (191_86,15368)
10519 171 (191_86,15371)
10764 172 (191_86,16106)
10765 173 (191_86,16109)
10767 174 (191_86,16115)
10768 175 (191_86,16118)
10769 176 (191_86,16121)
10775 177 (191_86,16139)
10780 178 (191_86,16154)
10783 179 (191_86,16163)
10798 180 (191_86,16208)
10799 181 (191_86,16211)
10807 182 (191_86,16235)
10808 183 (191_86,16238)
10832 184 (191_86,16310)
10833 185 (191_86,16313)
10834 186 (191_86,16316)
10835 187 (191_86,16319)
10836 188 (191_86,16322)
10837 189 (191_86,16325)
10838 190 (191_86,16328)
10839 191 (191_86,16331)
10840 192 (191_86,16334)
10841 193 (191_86,16337)
10842 194 (191_86,16340)
10843 195 (191_86,16343)
10844 196 (191_86,16346)
10854 197 (191_86,16376)
10855 198 (191_86,16379)
10856 199 (191_86,16382)
10857 200 (191_86,16385)
10858 201 (191_86,16388)
