total fp is :18
1690 1 (191_84,5132)
1691 2 (191_84,5135)
5527 3 (191_86,395)
9055 4 (191_86,10979)
9062 5 (191_86,11000)
9067 6 (191_86,11015)
9070 7 (191_86,11024)
9071 8 (191_86,11027)
9072 9 (191_86,11030)
9073 10 (191_86,11033)
9074 11 (191_86,11036)
9075 12 (191_86,11039)
9079 13 (191_86,11051)
9080 14 (191_86,11054)
9088 15 (191_86,11078)
9089 16 (191_86,11081)
9090 17 (191_86,11084)
11049 18 (191_86,16961)
total fn is :250
680 1 (191_84,2102)
681 2 (191_84,2105)
682 3 (191_84,2108)
683 4 (191_84,2111)
684 5 (191_84,2114)
685 6 (191_84,2117)
686 7 (191_84,2120)
687 8 (191_84,2123)
688 9 (191_84,2126)
689 10 (191_84,2129)
690 11 (191_84,2132)
691 12 (191_84,2135)
692 13 (191_84,2138)
693 14 (191_84,2141)
694 15 (191_84,2144)
695 16 (191_84,2147)
696 17 (191_84,2150)
698 18 (191_84,2156)
699 19 (191_84,2159)
707 20 (191_84,2183)
708 21 (191_84,2186)
710 22 (191_84,2192)
717 23 (191_84,2213)
718 24 (191_84,2216)
719 25 (191_84,2219)
720 26 (191_84,2222)
721 27 (191_84,2225)
722 28 (191_84,2228)
723 29 (191_84,2231)
724 30 (191_84,2234)
727 31 (191_84,2243)
728 32 (191_84,2246)
729 33 (191_84,2249)
730 34 (191_84,2252)
731 35 (191_84,2255)
732 36 (191_84,2258)
733 37 (191_84,2261)
735 38 (191_84,2267)
736 39 (191_84,2270)
1186 40 (191_84,3620)
1187 41 (191_84,3623)
1188 42 (191_84,3626)
1189 43 (191_84,3629)
1190 44 (191_84,3632)
1191 45 (191_84,3635)
1199 46 (191_84,3659)
1201 47 (191_84,3665)
1202 48 (191_84,3668)
1203 49 (191_84,3671)
1204 50 (191_84,3674)
1205 51 (191_84,3677)
1206 52 (191_84,3680)
1207 53 (191_84,3683)
1213 54 (191_84,3701)
1217 55 (191_84,3713)
1219 56 (191_84,3719)
1220 57 (191_84,3722)
1221 58 (191_84,3725)
1222 59 (191_84,3728)
1223 60 (191_84,3731)
1224 61 (191_84,3734)
1227 62 (191_84,3743)
1229 63 (191_84,3749)
1230 64 (191_84,3752)
1231 65 (191_84,3755)
1232 66 (191_84,3758)
1233 67 (191_84,3761)
1257 68 (191_84,3833)
1258 69 (191_84,3836)
1259 70 (191_84,3839)
1260 71 (191_84,3842)
1261 72 (191_84,3845)
1262 73 (191_84,3848)
1263 74 (191_84,3851)
1264 75 (191_84,3854)
1265 76 (191_84,3857)
1266 77 (191_84,3860)
1267 78 (191_84,3863)
1268 79 (191_84,3866)
1269 80 (191_84,3869)
1270 81 (191_84,3872)
1271 82 (191_84,3875)
1272 83 (191_84,3878)
1273 84 (191_84,3881)
4700 85 (191_85,8386)
4701 86 (191_85,8389)
4702 87 (191_85,8392)
4703 88 (191_85,8395)
4704 89 (191_85,8398)
4705 90 (191_85,8401)
4706 91 (191_85,8404)
4707 92 (191_85,8407)
4708 93 (191_85,8410)
4709 94 (191_85,8413)
4710 95 (191_85,8416)
4711 96 (191_85,8419)
4729 97 (191_85,8473)
4730 98 (191_85,8476)
4731 99 (191_85,8479)
4732 100 (191_85,8482)
4733 101 (191_85,8485)
4734 102 (191_85,8488)
4735 103 (191_85,8491)
4736 104 (191_85,8494)
4737 105 (191_85,8497)
4738 106 (191_85,8500)
4739 107 (191_85,8503)
4740 108 (191_85,8506)
4741 109 (191_85,8509)
4742 110 (191_85,8512)
4743 111 (191_85,8515)
4744 112 (191_85,8518)
4745 113 (191_85,8521)
4751 114 (191_85,8539)
5350 115 (191_85,10426)
5351 116 (191_85,10429)
5352 117 (191_85,10432)
5357 118 (191_85,10447)
5358 119 (191_85,10450)
5359 120 (191_85,10453)
5360 121 (191_85,10456)
5361 122 (191_85,10459)
5362 123 (191_85,10462)
5363 124 (191_85,10465)
5364 125 (191_85,10468)
5365 126 (191_85,10471)
5366 127 (191_85,10474)
5367 128 (191_85,10477)
5368 129 (191_85,10480)
5369 130 (191_85,10483)
5370 131 (191_85,10486)
5371 132 (191_85,10489)
5372 133 (191_85,10492)
5373 134 (191_85,10495)
5374 135 (191_85,10498)
5375 136 (191_85,10501)
5376 137 (191_85,10504)
5377 138 (191_85,10507)
5378 139 (191_85,10510)
5379 140 (191_85,10513)
5380 141 (191_85,10516)
5381 142 (191_85,10519)
5382 143 (191_85,10522)
8986 144 (191_86,10772)
8987 145 (191_86,10775)
8988 146 (191_86,10778)
8989 147 (191_86,10781)
8990 148 (191_86,10784)
8991 149 (191_86,10787)
8992 150 (191_86,10790)
8993 151 (191_86,10793)
8994 152 (191_86,10796)
8995 153 (191_86,10799)
8996 154 (191_86,10802)
8997 155 (191_86,10805)
8998 156 (191_86,10808)
8999 157 (191_86,10811)
9000 158 (191_86,10814)
9001 159 (191_86,10817)
9002 160 (191_86,10820)
9003 161 (191_86,10823)
9026 162 (191_86,10892)
9027 163 (191_86,10895)
9028 164 (191_86,10898)
9029 165 (191_86,10901)
9030 166 (191_86,10904)
9031 167 (191_86,10907)
9032 168 (191_86,10910)
9033 169 (191_86,10913)
9034 170 (191_86,10916)
9035 171 (191_86,10919)
9036 172 (191_86,10922)
9037 173 (191_86,10925)
9038 174 (191_86,10928)
9039 175 (191_86,10931)
9040 176 (191_86,10934)
9041 177 (191_86,10937)
9042 178 (191_86,10940)
9043 179 (191_86,10943)
9044 180 (191_86,10946)
9047 181 (191_86,10955)
9048 182 (191_86,10958)
9049 183 (191_86,10961)
10485 184 (191_86,15269)
10486 185 (191_86,15272)
10487 186 (191_86,15275)
10488 187 (191_86,15278)
10489 188 (191_86,15281)
10490 189 (191_86,15284)
10495 190 (191_86,15299)
10496 191 (191_86,15302)
10497 192 (191_86,15305)
10498 193 (191_86,15308)
10499 194 (191_86,15311)
10506 195 (191_86,15332)
10507 196 (191_86,15335)
10508 197 (191_86,15338)
10509 198 (191_86,15341)
10510 199 (191_86,15344)
10514 200 (191_86,15356)
10516 201 (191_86,15362)
10517 202 (191_86,15365)
10518 203 (191_86,15368)
10519 204 (191_86,15371)
10764 205 (191_86,16106)
10765 206 (191_86,16109)
10766 207 (191_86,16112)
10767 208 (191_86,16115)
10768 209 (191_86,16118)
10769 210 (191_86,16121)
10775 211 (191_86,16139)
10780 212 (191_86,16154)
10783 213 (191_86,16163)
10784 214 (191_86,16166)
10794 215 (191_86,16196)
10798 216 (191_86,16208)
10799 217 (191_86,16211)
10800 218 (191_86,16214)
10801 219 (191_86,16217)
10802 220 (191_86,16220)
10804 221 (191_86,16226)
10805 222 (191_86,16229)
10806 223 (191_86,16232)
10807 224 (191_86,16235)
10808 225 (191_86,16238)
10809 226 (191_86,16241)
10813 227 (191_86,16253)
10831 228 (191_86,16307)
10832 229 (191_86,16310)
10833 230 (191_86,16313)
10834 231 (191_86,16316)
10835 232 (191_86,16319)
10836 233 (191_86,16322)
10837 234 (191_86,16325)
10838 235 (191_86,16328)
10839 236 (191_86,16331)
10840 237 (191_86,16334)
10841 238 (191_86,16337)
10842 239 (191_86,16340)
10843 240 (191_86,16343)
10844 241 (191_86,16346)
10845 242 (191_86,16349)
10846 243 (191_86,16352)
10847 244 (191_86,16355)
10853 245 (191_86,16373)
10854 246 (191_86,16376)
10855 247 (191_86,16379)
10856 248 (191_86,16382)
10857 249 (191_86,16385)
10858 250 (191_86,16388)
