total fp is :85
161 1 (191_84,525)
229 2 (191_84,729)
235 3 (191_84,747)
236 4 (191_84,750)
237 5 (191_84,753)
238 6 (191_84,756)
254 7 (191_84,804)
296 8 (191_84,930)
297 9 (191_84,933)
741 10 (191_84,2285)
742 11 (191_84,2288)
745 12 (191_84,2297)
1279 13 (191_84,3899)
1605 14 (191_84,4877)
1689 15 (191_84,5129)
1690 16 (191_84,5132)
1691 17 (191_84,5135)
1758 18 (191_84,5336)
1759 19 (191_84,5339)
1760 20 (191_84,5342)
1761 21 (191_84,5345)
2235 22 (191_85,991)
2236 23 (191_85,994)
2237 24 (191_85,997)
2238 25 (191_85,1000)
2270 26 (191_85,1096)
2272 27 (191_85,1102)
2334 28 (191_85,1288)
5267 29 (191_85,10087)
5268 30 (191_85,10090)
5332 31 (191_85,10372)
5333 32 (191_85,10375)
5526 33 (191_86,392)
5527 34 (191_86,395)
5528 35 (191_86,398)
5529 36 (191_86,401)
5530 37 (191_86,404)
5531 38 (191_86,407)
5532 39 (191_86,410)
5607 40 (191_86,635)
5611 41 (191_86,647)
5626 42 (191_86,692)
9055 43 (191_86,10979)
9056 44 (191_86,10982)
9059 45 (191_86,10991)
9061 46 (191_86,10997)
9062 47 (191_86,11000)
9063 48 (191_86,11003)
9064 49 (191_86,11006)
9065 50 (191_86,11009)
9066 51 (191_86,11012)
9067 52 (191_86,11015)
9068 53 (191_86,11018)
9069 54 (191_86,11021)
9070 55 (191_86,11024)
9071 56 (191_86,11027)
9072 57 (191_86,11030)
9073 58 (191_86,11033)
9074 59 (191_86,11036)
9075 60 (191_86,11039)
9076 61 (191_86,11042)
9077 62 (191_86,11045)
9078 63 (191_86,11048)
9079 64 (191_86,11051)
9080 65 (191_86,11054)
9081 66 (191_86,11057)
9082 67 (191_86,11060)
9084 68 (191_86,11066)
9085 69 (191_86,11069)
9086 70 (191_86,11072)
9087 71 (191_86,11075)
9088 72 (191_86,11078)
9089 73 (191_86,11081)
9090 74 (191_86,11084)
10441 75 (191_86,15137)
11001 76 (191_86,16817)
11002 77 (191_86,16820)
11019 78 (191_86,16871)
11045 79 (191_86,16949)
11046 80 (191_86,16952)
11047 81 (191_86,16955)
11048 82 (191_86,16958)
11049 83 (191_86,16961)
11050 84 (191_86,16964)
11105 85 (191_86,17210)
total fn is :81
680 1 (191_84,2102)
681 2 (191_84,2105)
688 3 (191_84,2126)
689 4 (191_84,2129)
690 5 (191_84,2132)
691 6 (191_84,2135)
692 7 (191_84,2138)
693 8 (191_84,2141)
719 9 (191_84,2219)
720 10 (191_84,2222)
721 11 (191_84,2225)
722 12 (191_84,2228)
727 13 (191_84,2243)
729 14 (191_84,2249)
1186 15 (191_84,3620)
1187 16 (191_84,3623)
1188 17 (191_84,3626)
1189 18 (191_84,3629)
1202 19 (191_84,3668)
1203 20 (191_84,3671)
1204 21 (191_84,3674)
1206 22 (191_84,3680)
1220 23 (191_84,3722)
1221 24 (191_84,3725)
1231 25 (191_84,3755)
4700 26 (191_85,8386)
4701 27 (191_85,8389)
4704 28 (191_85,8398)
4705 29 (191_85,8401)
4706 30 (191_85,8404)
5350 31 (191_85,10426)
5357 32 (191_85,10447)
5361 33 (191_85,10459)
5362 34 (191_85,10462)
5363 35 (191_85,10465)
5364 36 (191_85,10468)
5365 37 (191_85,10471)
5366 38 (191_85,10474)
5367 39 (191_85,10477)
5368 40 (191_85,10480)
5369 41 (191_85,10483)
5370 42 (191_85,10486)
5371 43 (191_85,10489)
5372 44 (191_85,10492)
5373 45 (191_85,10495)
5374 46 (191_85,10498)
5375 47 (191_85,10501)
5376 48 (191_85,10504)
5378 49 (191_85,10510)
5379 50 (191_85,10513)
5380 51 (191_85,10516)
5381 52 (191_85,10519)
5382 53 (191_85,10522)
8986 54 (191_86,10772)
8987 55 (191_86,10775)
8988 56 (191_86,10778)
8989 57 (191_86,10781)
8990 58 (191_86,10784)
8991 59 (191_86,10787)
8992 60 (191_86,10790)
8993 61 (191_86,10793)
8997 62 (191_86,10805)
9033 63 (191_86,10913)
9034 64 (191_86,10916)
9035 65 (191_86,10919)
10485 66 (191_86,15269)
10486 67 (191_86,15272)
10487 68 (191_86,15275)
10488 69 (191_86,15278)
10496 70 (191_86,15302)
10497 71 (191_86,15305)
10498 72 (191_86,15308)
10507 73 (191_86,15335)
10509 74 (191_86,15341)
10764 75 (191_86,16106)
10765 76 (191_86,16109)
10798 77 (191_86,16208)
10807 78 (191_86,16235)
10856 79 (191_86,16382)
10857 80 (191_86,16385)
10858 81 (191_86,16388)
