1.0 0.03923324973127911
0.910958904109589 0.586764705882353
0.8995433789954338 0.7229357798165138
0.8835616438356164 0.7834008097165992
0.8744292237442922 0.8046218487394958
0.8698630136986302 0.8175965665236051
0.867579908675799 0.8260869565217391
0.863013698630137 0.84
0.860730593607306 0.8471910112359551
0.8561643835616438 0.8561643835616438
0.8561643835616438 0.8600917431192661
0.8561643835616438 0.8660508083140878
0.8333333333333334 0.8649289099526066
0.8333333333333334 0.8649289099526066
0.8287671232876712 0.8642857142857143
0.8242009132420092 0.8636363636363636
0.8242009132420092 0.8657074340527577
0.819634703196347 0.8650602409638555
0.815068493150685 0.864406779661017
0.8127853881278538 0.8661800486618005
0.8127853881278538 0.8661800486618005
0.8082191780821918 0.8655256723716381
0.8082191780821918 0.8719211822660099
0.8013698630136986 0.8731343283582089
0.7990867579908676 0.8771929824561403
0.7876712328767124 0.8756345177664975
0.7876712328767124 0.8756345177664975
0.7808219178082192 0.8769230769230769
0.776255707762557 0.8762886597938144
0.771689497716895 0.8779220779220779
0.7579908675799086 0.8829787234042553
0.7579908675799086 0.8829787234042553
0.7579908675799086 0.8829787234042553
0.7488584474885844 0.8840970350404312
0.7442922374429224 0.8858695652173914
0.7397260273972602 0.8901098901098901
0.639269406392694 0.877742946708464
0.632420091324201 0.8765822784810127
0.6095890410958904 0.8754098360655738
0.589041095890411 0.8745762711864407
0.5639269406392694 0.875886524822695
0.5388127853881278 0.8740740740740741
0.5159817351598174 0.8793774319066148
0.5091324200913242 0.8849206349206349
0.4840182648401826 0.8796680497925311
0.4680365296803653 0.8874458874458875
0.4474885844748858 0.8909090909090909
0.4223744292237443 0.8851674641148325
0.4041095890410959 0.8894472361809045
0.365296803652968 0.8839779005524862
1.0 0.03923324973127911
0.9223744292237442 0.5186136071887034
0.906392694063927 0.6362179487179487
0.8926940639269406 0.7135036496350365
0.8721461187214612 0.74609375
0.865296803652968 0.7641129032258065
0.8584474885844748 0.7768595041322314
0.8538812785388128 0.7857142857142857
0.8447488584474886 0.7939914163090128
0.8424657534246576 0.8092105263157895
0.8356164383561644 0.8187919463087249
0.8310502283105022 0.8291571753986332
0.8242009132420092 0.8337182448036952
0.819634703196347 0.8427230046948356
0.8082191780821918 0.8509615384615384
0.8036529680365296 0.8585365853658536
0.7990867579908676 0.8578431372549019
0.7990867579908676 0.8578431372549019
0.7945205479452054 0.8592592592592593
0.7853881278538812 0.8686868686868687
0.7853881278538812 0.8730964467005076
0.7831050228310502 0.8727735368956743
0.7808219178082192 0.8769230769230769
0.7785388127853882 0.8788659793814433
0.776255707762557 0.8785529715762274
0.776255707762557 0.8785529715762274
0.776255707762557 0.8808290155440415
0.773972602739726 0.8828125
0.771689497716895 0.8848167539267016
0.771689497716895 0.8848167539267016
0.769406392694064 0.884514435695538
0.769406392694064 0.884514435695538
0.769406392694064 0.884514435695538
0.7648401826484018 0.8862433862433863
0.7602739726027398 0.8856382978723404
0.682648401826484 0.8742690058479532
0.6757990867579908 0.8809523809523809
0.6757990867579908 0.8809523809523809
0.6712328767123288 0.8802395209580839
0.6666666666666666 0.8821752265861027
0.6575342465753424 0.8807339449541285
0.6575342465753424 0.8834355828220859
0.6575342465753424 0.8888888888888888
0.639269406392694 0.8945686900958466
0.632420091324201 0.9022801302931596
0.5730593607305936 0.9094202898550725
0.4383561643835616 0.909952606635071
0.271689497716895 0.937007874015748
0.06164383561643835 1.0
0.0136986301369863 1.0
1.0 0.03923324973127911
0.8698630136986302 0.6175040518638574
0.860730593607306 0.7263969171483622
0.8538812785388128 0.7391304347826086
0.8493150684931506 0.7425149700598802
0.8447488584474886 0.7566462167689162
0.8378995433789954 0.7614107883817427
0.8378995433789954 0.7661795407098121
0.8356164383561644 0.7721518987341772
0.8356164383561644 0.7754237288135594
0.8333333333333334 0.7799145299145299
0.8333333333333334 0.7832618025751072
0.8310502283105022 0.789587852494577
0.8264840182648402 0.7991169977924945
0.819634703196347 0.8085585585585585
0.815068493150685 0.8263888888888888
0.8082191780821918 0.8290398126463701
0.8059360730593608 0.838479809976247
0.8036529680365296 0.8400954653937948
0.8036529680365296 0.8441247002398081
0.8013698630136986 0.8581907090464548
0.7990867579908676 0.85995085995086
0.7990867579908676 0.8620689655172413
0.7808219178082192 0.868020304568528
0.776255707762557 0.8785529715762274
0.773972602739726 0.8805194805194805
0.773972602739726 0.8828125
0.7648401826484018 0.8862433862433863
0.7625570776255708 0.8859416445623343
0.7602739726027398 0.888
0.7602739726027398 0.888
0.7579908675799086 0.8877005347593583
0.7557077625570776 0.8873994638069705
0.7534246575342466 0.8870967741935484
0.7534246575342466 0.8870967741935484
0.7534246575342466 0.8870967741935484
0.7465753424657534 0.8885869565217391
0.6643835616438356 0.8818181818181818
0.6598173515981736 0.8837920489296636
0.6529680365296804 0.8827160493827161
0.6506849315068494 0.8823529411764706
0.6461187214611872 0.881619937694704
0.6438356164383562 0.8867924528301887
0.6415525114155252 0.8920634920634921
0.6255707762557078 0.8896103896103896
0.6164383561643836 0.8910891089108911
0.6004566210045662 0.8885135135135135
0.5821917808219178 0.8854166666666666
0.5547945205479452 0.8836363636363637
0.5068493150684932 0.888
1.0 0.03923324973127911
0.8881278538812786 0.5621387283236994
0.863013698630137 0.6528497409326425
0.8515981735159818 0.7064393939393939
0.8401826484018264 0.7389558232931727
0.8401826484018264 0.7829787234042553
0.8401826484018264 0.7948164146868251
0.8333333333333334 0.8129175946547884
0.8287671232876712 0.8231292517006803
0.8264840182648402 0.8264840182648402
0.8242009132420092 0.8375870069605569
0.819634703196347 0.8447058823529412
0.817351598173516 0.8564593301435407
0.817351598173516 0.8564593301435407
0.815068493150685 0.8602409638554217
0.8127853881278538 0.8661800486618005
0.8105022831050228 0.8722358722358723
0.8082191780821918 0.8740740740740741
0.8059360730593608 0.8759305210918115
0.7922374429223744 0.8829516539440203
0.7876712328767124 0.8846153846153846
0.7831050228310502 0.884020618556701
0.7808219178082192 0.8883116883116883
0.776255707762557 0.8900523560209425
0.773972602739726 0.889763779527559
0.771689497716895 0.8918205804749341
0.769406392694064 0.8962765957446809
0.7671232876712328 0.896
0.6872146118721462 0.8905325443786982
0.684931506849315 0.8902077151335311
0.682648401826484 0.8898809523809523
0.682648401826484 0.8898809523809523
0.6757990867579908 0.891566265060241
0.6666666666666666 0.8902439024390244
0.6621004566210046 0.8923076923076924
0.6575342465753424 0.8944099378881988
0.6506849315068494 0.8934169278996865
0.636986301369863 0.8913738019169329
0.6301369863013698 0.8932038834951457
0.6210045662100456 0.8918032786885246
0.6164383561643836 0.8940397350993378
0.6141552511415526 0.8966666666666666
0.6050228310502284 0.9013605442176871
0.6027397260273972 0.9010238907849829
0.591324200913242 0.8993055555555556
0.5776255707762558 0.8971631205673759
0.5753424657534246 0.9
0.5616438356164384 0.9010989010989011
0.54337899543379 0.9083969465648855
0.5045662100456622 0.9057377049180327
1.0 0.03923324973127911
0.8447488584474886 0.5146036161335188
0.8287671232876712 0.673469387755102
0.8082191780821918 0.8119266055045872
0.7990867579908676 0.8333333333333334
0.7968036529680366 0.8429951690821256
0.7899543378995434 0.8522167487684729
0.773972602739726 0.849624060150376
0.7648401826484018 0.8589743589743589
0.7625570776255708 0.8586118251928021
0.7557077625570776 0.8575129533678757
0.7511415525114156 0.8612565445026178
0.7465753424657534 0.8605263157894737
0.7465753424657534 0.8605263157894737
0.7465753424657534 0.8605263157894737
0.7465753424657534 0.8650793650793651
0.7420091324200914 0.8643617021276596
0.7351598173515982 0.8632707774798928
0.730593607305936 0.8648648648648649
0.7191780821917808 0.8701657458563536
0.7146118721461188 0.8694444444444445
0.7146118721461188 0.8694444444444445
0.7123287671232876 0.8690807799442897
0.7054794520547946 0.8704225352112676
0.7031963470319634 0.8700564971751412
0.7009132420091324 0.8746438746438746
0.6963470319634704 0.8739255014326648
0.6917808219178082 0.8757225433526011
0.6872146118721462 0.875
0.6872146118721462 0.875
0.684931506849315 0.8746355685131195
0.680365296803653 0.8816568047337278
0.678082191780822 0.8839285714285714
0.6735159817351598 0.8832335329341318
0.6621004566210046 0.8814589665653495
0.5799086757990868 0.8668941979522184
0.5684931506849316 0.8645833333333334
0.5502283105022832 0.8607142857142858
0.5365296803652968 0.8576642335766423
0.5365296803652968 0.8608058608058609
0.5273972602739726 0.8587360594795539
0.5251141552511416 0.8582089552238806
0.5205479452054794 0.8603773584905661
0.5136986301369864 0.8620689655172413
0.5091324200913242 0.861003861003861
0.5 0.8622047244094488
0.4863013698630137 0.8623481781376519
0.4794520547945205 0.8677685950413223
0.4589041095890411 0.8626609442060086
0.4041095890410959 0.855072463768116
1.0 0.03923324973127911
0.8447488584474886 0.5146036161335188
0.8287671232876712 0.673469387755102
0.8082191780821918 0.8119266055045872
0.7990867579908676 0.8333333333333334
0.7968036529680366 0.8429951690821256
0.7899543378995434 0.8522167487684729
0.773972602739726 0.849624060150376
0.7648401826484018 0.8589743589743589
0.7625570776255708 0.8586118251928021
0.7557077625570776 0.8575129533678757
0.7511415525114156 0.8612565445026178
0.7465753424657534 0.8605263157894737
0.7465753424657534 0.8605263157894737
0.7465753424657534 0.8605263157894737
0.7465753424657534 0.8650793650793651
0.7420091324200914 0.8643617021276596
0.7351598173515982 0.8632707774798928
0.730593607305936 0.8648648648648649
0.7191780821917808 0.8701657458563536
0.7146118721461188 0.8694444444444445
0.7146118721461188 0.8694444444444445
0.7123287671232876 0.8690807799442897
0.7054794520547946 0.8704225352112676
0.7031963470319634 0.8700564971751412
0.7009132420091324 0.8746438746438746
0.6963470319634704 0.8739255014326648
0.6917808219178082 0.8757225433526011
0.6872146118721462 0.875
0.6872146118721462 0.875
0.684931506849315 0.8746355685131195
0.680365296803653 0.8816568047337278
0.678082191780822 0.8839285714285714
0.6735159817351598 0.8832335329341318
0.6621004566210046 0.8814589665653495
0.5799086757990868 0.8668941979522184
0.5684931506849316 0.8645833333333334
0.5502283105022832 0.8607142857142858
0.5365296803652968 0.8576642335766423
0.5365296803652968 0.8608058608058609
0.5273972602739726 0.8587360594795539
0.5251141552511416 0.8582089552238806
0.5205479452054794 0.8603773584905661
0.5136986301369864 0.8620689655172413
0.5091324200913242 0.861003861003861
0.5 0.8622047244094488
0.4863013698630137 0.8623481781376519
0.4794520547945205 0.8677685950413223
0.4589041095890411 0.8626609442060086
0.4041095890410959 0.855072463768116
1.0 0.03923324973127911
0.908675799086758 0.6067073170731707
0.8858447488584474 0.701627486437613
0.8721461187214612 0.7360308285163777
0.863013698630137 0.7605633802816901
0.8515981735159818 0.7902542372881356
0.8333333333333334 0.8075221238938053
0.821917808219178 0.8333333333333334
0.8082191780821918 0.84688995215311
0.7968036529680366 0.8574938574938575
0.7922374429223744 0.8610421836228288
0.7808219178082192 0.8658227848101265
0.773972602739726 0.8670076726342711
0.7648401826484018 0.8678756476683938
0.7602739726027398 0.8671875
0.7534246575342466 0.868421052631579
0.7488584474885844 0.870026525198939
0.7465753424657534 0.872
0.7442922374429224 0.8716577540106952
0.7442922374429224 0.8739946380697051
0.7442922374429224 0.8763440860215054
0.7351598173515982 0.8821917808219178
0.730593607305936 0.8815426997245179
0.728310502283105 0.8812154696132597
0.723744292237443 0.8879551820728291
0.723744292237443 0.8879551820728291
0.7214611872146118 0.8901408450704226
0.7214611872146118 0.8926553672316384
0.7214611872146118 0.8977272727272727
0.7191780821917808 0.9
0.7168949771689498 0.9048991354466859
0.7100456621004566 0.9040697674418605
0.7100456621004566 0.9067055393586005
0.7077625570776256 0.9064327485380117
0.7031963470319634 0.9058823529411765
0.7009132420091324 0.9056047197640118
0.6963470319634704 0.9077380952380952
0.6872146118721462 0.9093655589123867
0.5981735159817352 0.9003436426116839
0.591324200913242 0.9024390243902439
0.5662100456621004 0.9051094890510949
0.5525114155251142 0.9029850746268657
0.5182648401826484 0.8972332015810277
0.4977168949771689 0.897119341563786
0.45662100456621 0.8928571428571429
0.4383561643835616 0.9014084507042254
0.3949771689497717 0.9057591623036649
0.3424657534246575 0.8982035928143712
0.3082191780821918 0.9
0.2671232876712329 0.9212598425196851
1.0 0.03923324973127911
0.9178082191780822 0.5345744680851063
0.8995433789954338 0.6588628762541806
0.8904109589041096 0.724907063197026
0.8744292237442922 0.7569169960474308
0.860730593607306 0.7741273100616016
0.8493150684931506 0.8017241379310345
0.8378995433789954 0.8155555555555556
0.8264840182648402 0.8302752293577982
0.8127853881278538 0.8416075650118203
0.7990867579908676 0.8620689655172413
0.7808219178082192 0.8658227848101265
0.7808219178082192 0.8702290076335878
0.7785388127853882 0.8766066838046273
0.7785388127853882 0.8788659793814433
0.776255707762557 0.8785529715762274
0.773972602739726 0.8805194805194805
0.7579908675799086 0.8877005347593583
0.7511415525114156 0.8867924528301887
0.7488584474885844 0.8864864864864865
0.7488584474885844 0.8888888888888888
0.7465753424657534 0.8910081743869209
0.7442922374429224 0.8956043956043956
0.7420091324200914 0.8953168044077136
0.7374429223744292 0.8947368421052632
0.7351598173515982 0.8994413407821229
0.7351598173515982 0.8994413407821229
0.730593607305936 0.9014084507042254
0.728310502283105 0.9011299435028248
0.723744292237443 0.9031339031339032
0.7214611872146118 0.9028571428571428
0.7123287671232876 0.9017341040462428
0.7031963470319634 0.9005847953216374
0.6986301369863014 0.9053254437869822
0.6963470319634704 0.9077380952380952
0.6118721461187214 0.8963210702341137
0.5981735159817352 0.9003436426116839
0.5844748858447488 0.8982456140350877
0.5662100456621004 0.9051094890510949
0.5365296803652968 0.9073359073359073
0.5068493150684932 0.9061224489795918
0.4908675799086758 0.9033613445378151
0.4726027397260274 0.9
0.4315068493150685 0.8957345971563981
0.4041095890410959 0.8894472361809045
0.3812785388127854 0.893048128342246
0.3561643835616438 0.8914285714285715
0.3264840182648402 0.89375
0.3150684931506849 0.9139072847682119
0.2853881278538813 0.9259259259259259
1.0 0.03923324973127911
0.9178082191780822 0.5345744680851063
0.8995433789954338 0.6588628762541806
0.8904109589041096 0.724907063197026
0.8744292237442922 0.7569169960474308
0.860730593607306 0.7741273100616016
0.8493150684931506 0.8017241379310345
0.8378995433789954 0.8155555555555556
0.8264840182648402 0.8302752293577982
0.8127853881278538 0.8416075650118203
0.7990867579908676 0.8620689655172413
0.7808219178082192 0.8658227848101265
0.7808219178082192 0.8702290076335878
0.7785388127853882 0.8766066838046273
0.7785388127853882 0.8788659793814433
0.776255707762557 0.8785529715762274
0.773972602739726 0.8805194805194805
0.7579908675799086 0.8877005347593583
0.7511415525114156 0.8867924528301887
0.7488584474885844 0.8864864864864865
0.7488584474885844 0.8888888888888888
0.7465753424657534 0.8910081743869209
0.7442922374429224 0.8956043956043956
0.7420091324200914 0.8953168044077136
0.7374429223744292 0.8947368421052632
0.7351598173515982 0.8994413407821229
0.7351598173515982 0.8994413407821229
0.730593607305936 0.9014084507042254
0.728310502283105 0.9011299435028248
0.723744292237443 0.9031339031339032
0.7214611872146118 0.9028571428571428
0.7123287671232876 0.9017341040462428
0.7031963470319634 0.9005847953216374
0.6986301369863014 0.9053254437869822
0.6963470319634704 0.9077380952380952
0.6118721461187214 0.8963210702341137
0.5981735159817352 0.9003436426116839
0.5844748858447488 0.8982456140350877
0.5662100456621004 0.9051094890510949
0.5365296803652968 0.9073359073359073
0.5068493150684932 0.9061224489795918
0.4908675799086758 0.9033613445378151
0.4726027397260274 0.9
0.4315068493150685 0.8957345971563981
0.4041095890410959 0.8894472361809045
0.3812785388127854 0.893048128342246
0.3561643835616438 0.8914285714285715
0.3264840182648402 0.89375
0.3150684931506849 0.9139072847682119
0.2853881278538813 0.9259259259259259
1.0 0.03923324973127911
0.9497716894977168 0.04006549166907445
0.910958904109589 0.4938118811881188
0.8995433789954338 0.5760233918128655
0.8858447488584474 0.60625
0.8767123287671232 0.6274509803921569
0.8721461187214612 0.6518771331058021
0.8698630136986302 0.6637630662020906
0.867579908675799 0.6737588652482269
0.8584474885844748 0.6774774774774774
0.8493150684931506 0.6813186813186813
0.8447488584474886 0.6826568265682657
0.8424657534246576 0.6820702402957486
0.8378995433789954 0.6821561338289963
0.8333333333333334 0.6822429906542056
0.819634703196347 0.6851145038167938
0.8036529680365296 0.6821705426356589
0.7968036529680366 0.6803118908382066
0.7922374429223744 0.6830708661417323
0.7899543378995434 0.6851485148514852
0.7853881278538812 0.6866267465069861
0.7853881278538812 0.6907630522088354
0.7648401826484018 0.6907216494845361
0.7625570776255708 0.6943866943866944
0.7420091324200914 0.6929637526652452
0.728310502283105 0.6965065502183406
0.7146118721461188 0.6971046770601337
0.7031963470319634 0.6984126984126984
0.6986301369863014 0.7066974595842956
0.6917808219178082 0.7129411764705882
0.678082191780822 0.7122302158273381
0.6712328767123288 0.7170731707317073
0.6598173515981736 0.7135802469135802
0.5662100456621004 0.6850828729281768
0.545662100456621 0.6907514450867052
0.5251141552511416 0.6865671641791045
0.5136986301369864 0.7009345794392523
0.4885844748858447 0.6970684039087948
0.454337899543379 0.6885813148788927
0.4132420091324201 0.6804511278195489
0.3447488584474886 0.648068669527897
0.2899543378995434 0.6195121951219512
0.22146118721461186 0.5606936416184971
0.0867579908675799 0.34234234234234234
0.07077625570776255 0.30097087378640774
0.0593607305936073 0.2708333333333333
0.04337899543378995 0.2235294117647059
0.0273972602739726 0.16666666666666666
0.0182648401826484 0.12307692307692308
0.0136986301369863 0.10909090909090909
1.0 0.03923324973127911
0.9497716894977168 0.04006549166907445
0.910958904109589 0.4938118811881188
0.8995433789954338 0.5760233918128655
0.8858447488584474 0.60625
0.8767123287671232 0.6274509803921569
0.8721461187214612 0.6518771331058021
0.8698630136986302 0.6637630662020906
0.867579908675799 0.6737588652482269
0.8584474885844748 0.6774774774774774
0.8493150684931506 0.6813186813186813
0.8447488584474886 0.6826568265682657
0.8424657534246576 0.6820702402957486
0.8378995433789954 0.6821561338289963
0.8333333333333334 0.6822429906542056
0.819634703196347 0.6851145038167938
0.8036529680365296 0.6821705426356589
0.7968036529680366 0.6803118908382066
0.7922374429223744 0.6830708661417323
0.7899543378995434 0.6851485148514852
0.7853881278538812 0.6866267465069861
0.7853881278538812 0.6907630522088354
0.7648401826484018 0.6907216494845361
0.7625570776255708 0.6943866943866944
0.7420091324200914 0.6929637526652452
0.728310502283105 0.6965065502183406
0.7146118721461188 0.6971046770601337
0.7031963470319634 0.6984126984126984
0.6986301369863014 0.7066974595842956
0.6917808219178082 0.7129411764705882
0.678082191780822 0.7122302158273381
0.6712328767123288 0.7170731707317073
0.6598173515981736 0.7135802469135802
0.5662100456621004 0.6850828729281768
0.545662100456621 0.6907514450867052
0.5251141552511416 0.6865671641791045
0.5136986301369864 0.7009345794392523
0.4885844748858447 0.6970684039087948
0.454337899543379 0.6885813148788927
0.4132420091324201 0.6804511278195489
0.3447488584474886 0.648068669527897
0.2899543378995434 0.6195121951219512
0.22146118721461186 0.5606936416184971
0.0867579908675799 0.34234234234234234
0.07077625570776255 0.30097087378640774
0.0593607305936073 0.2708333333333333
0.04337899543378995 0.2235294117647059
0.0273972602739726 0.16666666666666666
0.0182648401826484 0.12307692307692308
0.0136986301369863 0.10909090909090909
1.0 0.03923324973127911
0.8926940639269406 0.5319727891156463
0.8767123287671232 0.6056782334384858
0.860730593607306 0.6140065146579805
0.8538812785388128 0.6181818181818182
0.8470319634703196 0.6288135593220339
0.8401826484018264 0.6366782006920415
0.8356164383561644 0.6421052631578947
0.8310502283105022 0.6431095406360424
0.8264840182648402 0.6441281138790036
0.815068493150685 0.6467391304347826
0.815068493150685 0.647912885662432
0.8127853881278538 0.6496350364963503
0.8105022831050228 0.6513761467889908
0.8105022831050228 0.6513761467889908
0.8082191780821918 0.6519337016574586
0.8059360730593608 0.6537037037037037
0.8059360730593608 0.6549165120593692
0.8059360730593608 0.6598130841121496
0.8059360730593608 0.6598130841121496
0.8013698630136986 0.6585365853658537
0.7968036529680366 0.6572504708097928
0.7922374429223744 0.6596958174904943
0.7785388127853882 0.6570327552986512
0.771689497716895 0.6575875486381323
0.7625570776255708 0.656188605108055
0.7557077625570776 0.6554455445544555
0.7488584474885844 0.654690618762475
0.7465753424657534 0.6592741935483871
0.7420091324200914 0.6592292089249493
0.7328767123287672 0.6577868852459017
0.726027397260274 0.6570247933884298
0.7191780821917808 0.65625
0.7146118721461188 0.657563025210084
0.6940639269406392 0.6523605150214592
0.6666666666666666 0.6445916114790287
0.6050228310502284 0.625
0.5799086757990868 0.6180048661800487
0.5570776255707762 0.61
0.5228310502283106 0.597911227154047
0.4611872146118721 0.5722379603399433
0.363013698630137 0.5162337662337663
0.3013698630136986 0.4782608695652174
0.1872146118721461 0.36444444444444446
0.1689497716894977 0.3425925925925926
0.14383561643835616 0.31343283582089554
0.12557077625570776 0.2894736842105263
0.1095890410958904 0.2711864406779661
0.07990867579908675 0.22151898734177214
0.0684931506849315 0.2112676056338028
1.0 0.03923324973127911
0.908675799086758 0.5669515669515669
0.8972602739726028 0.6474464579901154
0.8881278538812786 0.6897163120567376
0.8812785388127854 0.7310606060606061
0.8744292237442922 0.746588693957115
0.8698630136986302 0.7839506172839507
0.867579908675799 0.8
0.867579908675799 0.8189655172413793
0.860730593607306 0.8267543859649122
0.8584474885844748 0.8337028824833703
0.8561643835616438 0.8426966292134831
0.8538812785388128 0.8519362186788155
0.8538812785388128 0.8577981651376146
0.8447488584474886 0.8584686774941995
0.8447488584474886 0.8604651162790697
0.8447488584474886 0.8644859813084113
0.8447488584474886 0.8685446009389671
0.8447488584474886 0.8705882352941177
0.8378995433789954 0.8758949880668258
0.8378995433789954 0.8779904306220095
0.8378995433789954 0.8779904306220095
0.8310502283105022 0.883495145631068
0.8310502283105022 0.8878048780487805
0.8264840182648402 0.8872549019607843
0.8242009132420092 0.8869778869778869
0.819634703196347 0.8886138613861386
0.815068493150685 0.8880597014925373
0.8105022831050228 0.8942065491183879
0.8036529680365296 0.8934010152284264
0.8013698630136986 0.8931297709923665
0.7968036529680366 0.8925831202046036
0.7853881278538812 0.8911917098445595
0.776255707762557 0.8923884514435696
0.7671232876712328 0.8912466843501327
0.7579908675799086 0.8924731182795699
0.7420091324200914 0.8904109589041096
0.7374429223744292 0.8922651933701657
0.726027397260274 0.8932584269662921
0.6415525114155252 0.8836477987421384
0.6210045662100456 0.8831168831168831
0.5958904109589042 0.8817567567567568
0.591324200913242 0.8809523809523809
0.5844748858447488 0.8858131487889274
0.5639269406392694 0.8916967509025271
0.545662100456621 0.8951310861423221
0.5342465753424658 0.9
0.5273972602739726 0.9130434782608695
0.5068493150684932 0.921161825726141
0.4474885844748858 0.9158878504672897
1.0 0.0027267541649507216
0.782051282051282 0.5782658959537572
0.7751719824890556 0.6962505266114309
0.7698561601000625 0.7301304863582444
0.767198248905566 0.7519154152620288
0.7645403377110694 0.7695939565627951
0.7579737335834896 0.8073272273105745
0.7568792995622264 0.8166329284750338
0.7557848655409631 0.8225285009358516
0.7546904315196998 0.8315245478036176
0.7529706066291432 0.8382941688424718
0.7512507817385866 0.8420960392569226
0.7489055659787367 0.851858438555931
0.7478111319574734 0.856554441260745
0.7459349593495935 0.8611913357400722
0.7451532207629769 0.8663879294673695
0.7445278298936836 0.8699305809280233
0.7415572232645403 0.8754152823920266
0.7393683552220137 0.8791596951106153
0.7378048780487805 0.8818912352831246
0.7360850531582239 0.8839654524971836
0.7359287054409006 0.8876107863473506
0.7351469668542839 0.8893512388878381
0.7338961851156973 0.890871133042323
0.731863664790494 0.8922988943957301
0.7301438398999375 0.8946360153256705
0.7288930581613509 0.8968834166987303
0.7259224515322076 0.9006789524733269
0.7227954971857411 0.903635652853792
0.7193558474046279 0.9080323662916914
0.716072545340838 0.9099940393403536
0.7120075046904315 0.9131742530579506
0.707004377736085 0.9163120567375886
0.7021575984990619 0.9185927592554715
0.698874296435272 0.9231722428748451
0.6937148217636022 0.9272727272727272
0.6873045653533458 0.9317507418397626
0.6772983114446529 0.9366486486486486
0.6485303314571608 0.944874715261959
0.6355534709193246 0.9495444989488437
0.6214821763602252 0.9541526644263082
0.6044402751719825 0.9612133267031328
0.5863039399624765 0.9682416731216111
0.5659787367104441 0.97285675893577
0.5090681676047529 0.9842805320435308
0.4884302689180738 0.9864224818440164
0.4688868042526579 0.9900957411687026
0.44715447154471544 0.990990990990991
0.4155722326454034 0.9925317401045557
0.37210756722951843 0.9941520467836257
1.0 0.0027267541649507216
0.782051282051282 0.5782658959537572
0.7751719824890556 0.6962505266114309
0.7698561601000625 0.7301304863582444
0.767198248905566 0.7519154152620288
0.7645403377110694 0.7695939565627951
0.7579737335834896 0.8073272273105745
0.7568792995622264 0.8166329284750338
0.7557848655409631 0.8225285009358516
0.7546904315196998 0.8315245478036176
0.7529706066291432 0.8382941688424718
0.7512507817385866 0.8420960392569226
0.7489055659787367 0.851858438555931
0.7478111319574734 0.856554441260745
0.7459349593495935 0.8611913357400722
0.7451532207629769 0.8663879294673695
0.7445278298936836 0.8699305809280233
0.7415572232645403 0.8754152823920266
0.7393683552220137 0.8791596951106153
0.7378048780487805 0.8818912352831246
0.7360850531582239 0.8839654524971836
0.7359287054409006 0.8876107863473506
0.7351469668542839 0.8893512388878381
0.7338961851156973 0.890871133042323
0.731863664790494 0.8922988943957301
0.7301438398999375 0.8946360153256705
0.7288930581613509 0.8968834166987303
0.7259224515322076 0.9006789524733269
0.7227954971857411 0.903635652853792
0.7193558474046279 0.9080323662916914
0.716072545340838 0.9099940393403536
0.7120075046904315 0.9131742530579506
0.707004377736085 0.9163120567375886
0.7021575984990619 0.9185927592554715
0.698874296435272 0.9231722428748451
0.6937148217636022 0.9272727272727272
0.6873045653533458 0.9317507418397626
0.6772983114446529 0.9366486486486486
0.6485303314571608 0.944874715261959
0.6355534709193246 0.9495444989488437
0.6214821763602252 0.9541526644263082
0.6044402751719825 0.9612133267031328
0.5863039399624765 0.9682416731216111
0.5659787367104441 0.97285675893577
0.5090681676047529 0.9842805320435308
0.4884302689180738 0.9864224818440164
0.4688868042526579 0.9900957411687026
0.44715447154471544 0.990990990990991
0.4155722326454034 0.9925317401045557
0.37210756722951843 0.9941520467836257
1.0 0.03923324973127911
0.8949771689497716 0.4833538840937115
0.8789954337899544 0.5628654970760234
0.867579908675799 0.5837173579109063
0.865296803652968 0.6044657097288676
0.863013698630137 0.6126418152350082
0.8493150684931506 0.6252100840336134
0.8470319634703196 0.629881154499151
0.8470319634703196 0.6331058020477816
0.8401826484018264 0.6323024054982818
0.8401826484018264 0.6366782006920415
0.8378995433789954 0.6371527777777778
0.8333333333333334 0.6403508771929824
0.8287671232876712 0.6436170212765957
0.8242009132420092 0.64349376114082
0.8242009132420092 0.64349376114082
0.819634703196347 0.6433691756272402
0.819634703196347 0.644524236983842
0.815068493150685 0.6455696202531646
0.8059360730593608 0.6453382084095064
0.8013698630136986 0.6440366972477064
0.7990867579908676 0.6445672191528545
0.7968036529680366 0.6439114391143912
0.7922374429223744 0.6425925925925926
0.7899543378995434 0.6455223880597015
0.7876712328767124 0.6460674157303371
0.7876712328767124 0.6472795497185742
0.7785388127853882 0.6458333333333334
0.7671232876712328 0.6436781609195402
0.7625570776255708 0.6447876447876448
0.7602739726027398 0.6453488372093024
0.7579908675799086 0.6446601941747573
0.7442922374429224 0.6417322834645669
0.7328767123287672 0.642
0.723744292237443 0.6417004048582996
0.6940639269406392 0.632016632016632
0.6415525114155252 0.6148796498905909
0.6232876712328768 0.609375
0.6073059360730594 0.6031746031746031
0.593607305936073 0.6004618937644342
0.5776255707762558 0.5995260663507109
0.5593607305936074 0.5961070559610706
0.5296803652968036 0.5858585858585859
0.4954337899543379 0.5695538057742782
0.3812785388127854 0.5075987841945289
0.3470319634703196 0.48562300319488816
0.3219178082191781 0.4684385382059801
0.3013698630136986 0.4520547945205479
0.2579908675799087 0.41544117647058826
0.23972602739726026 0.40229885057471265
1.0 0.03923324973127911
0.8949771689497716 0.4833538840937115
0.8789954337899544 0.5628654970760234
0.867579908675799 0.5837173579109063
0.865296803652968 0.6044657097288676
0.863013698630137 0.6126418152350082
0.8493150684931506 0.6252100840336134
0.8470319634703196 0.629881154499151
0.8470319634703196 0.6331058020477816
0.8401826484018264 0.6323024054982818
0.8401826484018264 0.6366782006920415
0.8378995433789954 0.6371527777777778
0.8333333333333334 0.6403508771929824
0.8287671232876712 0.6436170212765957
0.8242009132420092 0.64349376114082
0.8242009132420092 0.64349376114082
0.819634703196347 0.6433691756272402
0.819634703196347 0.644524236983842
0.815068493150685 0.6455696202531646
0.8059360730593608 0.6453382084095064
0.8013698630136986 0.6440366972477064
0.7990867579908676 0.6445672191528545
0.7968036529680366 0.6439114391143912
0.7922374429223744 0.6425925925925926
0.7899543378995434 0.6455223880597015
0.7876712328767124 0.6460674157303371
0.7876712328767124 0.6472795497185742
0.7785388127853882 0.6458333333333334
0.7671232876712328 0.6436781609195402
0.7625570776255708 0.6447876447876448
0.7602739726027398 0.6453488372093024
0.7579908675799086 0.6446601941747573
0.7442922374429224 0.6417322834645669
0.7328767123287672 0.642
0.723744292237443 0.6417004048582996
0.6940639269406392 0.632016632016632
0.6415525114155252 0.6148796498905909
0.6232876712328768 0.609375
0.6073059360730594 0.6031746031746031
0.593607305936073 0.6004618937644342
0.5776255707762558 0.5995260663507109
0.5593607305936074 0.5961070559610706
0.5296803652968036 0.5858585858585859
0.4954337899543379 0.5695538057742782
0.3812785388127854 0.5075987841945289
0.3470319634703196 0.48562300319488816
0.3219178082191781 0.4684385382059801
0.3013698630136986 0.4520547945205479
0.2579908675799087 0.41544117647058826
0.23972602739726026 0.40229885057471265
1.0 0.03923324973127911
0.8972602739726028 0.4601873536299766
0.8812785388127854 0.5376044568245125
0.860730593607306 0.6455479452054794
0.821917808219178 0.787746170678337
0.7990867579908676 0.8235294117647058
0.7968036529680366 0.8349282296650717
0.7876712328767124 0.843520782396088
0.7853881278538812 0.8535980148883374
0.7831050228310502 0.8553615960099751
0.7785388127853882 0.8589420654911839
0.771689497716895 0.8622448979591837
0.7648401826484018 0.8611825192802056
0.7602739726027398 0.8649350649350649
0.7602739726027398 0.8694516971279374
0.7534246575342466 0.868421052631579
0.7511415525114156 0.8703703703703703
0.7511415525114156 0.8726790450928382
0.7488584474885844 0.8723404255319149
0.7465753424657534 0.8743315508021391
0.7397260273972602 0.8828337874659401
0.7351598173515982 0.8846153846153846
0.7328767123287672 0.8867403314917127
0.7328767123287672 0.889196675900277
0.7328767123287672 0.8941504178272981
0.7328767123287672 0.8941504178272981
0.7328767123287672 0.8966480446927374
0.730593607305936 0.898876404494382
0.730593607305936 0.9014084507042254
0.728310502283105 0.9011299435028248
0.728310502283105 0.9011299435028248
0.726027397260274 0.9034090909090909
0.726027397260274 0.9034090909090909
0.723744292237443 0.9031339031339032
0.6461187214611872 0.8927444794952681
0.6438356164383562 0.8924050632911392
0.639269406392694 0.89171974522293
0.632420091324201 0.8906752411575563
0.6278538812785388 0.8928571428571429
0.6164383561643836 0.8910891089108911
0.6118721461187214 0.8933333333333333
0.6073059360730594 0.8956228956228957
0.5981735159817352 0.89419795221843
0.591324200913242 0.8961937716262975
0.5799086757990868 0.8975265017667845
0.5684931506849316 0.89568345323741
0.5525114155251142 0.8929889298892989
0.5159817351598174 0.8968253968253969
0.4954337899543379 0.8930041152263375
0.4474885844748858 0.8868778280542986
1.0 0.03923324973127911
0.8972602739726028 0.5787923416789397
0.8789954337899544 0.7182835820895522
0.863013698630137 0.782608695652174
0.8447488584474886 0.8114035087719298
0.8242009132420092 0.8279816513761468
0.8242009132420092 0.8434579439252337
0.815068493150685 0.8520286396181385
0.8082191780821918 0.8634146341463415
0.7990867579908676 0.8620689655172413
0.7945205479452054 0.8635235732009926
0.7922374429223744 0.8675
0.7922374429223744 0.8675
0.7899543378995434 0.8693467336683417
0.7899543378995434 0.8693467336683417
0.7831050228310502 0.8683544303797468
0.7831050228310502 0.8683544303797468
0.7808219178082192 0.8702290076335878
0.7808219178082192 0.8702290076335878
0.773972602739726 0.8828125
0.771689497716895 0.8848167539267016
0.771689497716895 0.8848167539267016
0.7648401826484018 0.8839050131926122
0.7625570776255708 0.8835978835978836
0.7625570776255708 0.8835978835978836
0.7625570776255708 0.8859416445623343
0.7602739726027398 0.8856382978723404
0.7579908675799086 0.8877005347593583
0.7534246575342466 0.8870967741935484
0.7511415525114156 0.8891891891891892
0.7488584474885844 0.8937329700272479
0.7442922374429224 0.8931506849315068
0.7397260273972602 0.8950276243093923
0.728310502283105 0.8935574229691877
0.639269406392694 0.8805031446540881
0.6301369863013698 0.8846153846153846
0.6301369863013698 0.8846153846153846
0.6232876712328768 0.8863636363636364
0.6118721461187214 0.8844884488448845
0.6095890410958904 0.8841059602649006
0.593607305936073 0.8843537414965986
0.5753424657534246 0.8811188811188811
0.5616438356164384 0.8785714285714286
0.545662100456621 0.8851851851851852
0.5159817351598174 0.8862745098039215
0.4977168949771689 0.889795918367347
0.4817351598173516 0.9017094017094017
0.4429223744292237 0.9023255813953488
0.3721461187214612 0.9055555555555556
0.3287671232876712 0.9056603773584906
1.0 0.03923324973127911
0.8995433789954338 0.6263910969793323
0.8698630136986302 0.6990825688073394
0.8561643835616438 0.75
0.8424657534246576 0.7639751552795031
0.8401826484018264 0.7666666666666667
0.8356164383561644 0.7787234042553192
0.8356164383561644 0.7854077253218884
0.8356164383561644 0.7939262472885033
0.8310502283105022 0.7947598253275109
0.8287671232876712 0.8030973451327433
0.8264840182648402 0.8062360801781737
0.8264840182648402 0.8116591928251121
0.8127853881278538 0.8165137614678899
0.8082191780821918 0.8232558139534883
0.8036529680365296 0.8321513002364066
0.7968036529680366 0.8369304556354916
0.7853881278538812 0.8535980148883374
0.7808219178082192 0.868020304568528
0.773972602739726 0.8737113402061856
0.771689497716895 0.8733850129198967
0.7671232876712328 0.875
0.7625570776255708 0.8766404199475065
0.7534246575342466 0.8776595744680851
0.7534246575342466 0.8776595744680851
0.7511415525114156 0.8796791443850267
0.7442922374429224 0.8810810810810811
0.7442922374429224 0.8834688346883469
0.7442922374429224 0.8858695652173914
0.7442922374429224 0.8858695652173914
0.7397260273972602 0.8876712328767123
0.7328767123287672 0.8867403314917127
0.730593607305936 0.8864265927977839
0.7214611872146118 0.8876404494382022
0.7168949771689498 0.8920454545454546
0.7077625570776256 0.8908045977011494
0.7054794520547946 0.8904899135446686
0.6986301369863014 0.892128279883382
0.589041095890411 0.8775510204081632
0.5707762557077626 0.8802816901408451
0.5639269406392694 0.8790035587188612
0.5570776255707762 0.8808664259927798
0.545662100456621 0.8819188191881919
0.5296803652968036 0.8821292775665399
0.5136986301369864 0.87890625
0.5114155251141552 0.8818897637795275
0.5045662100456622 0.884
0.4954337899543379 0.8821138211382114
0.4703196347031963 0.8841201716738197
0.4474885844748858 0.8868778280542986
1.0 0.03923324973127911
0.8881278538812786 0.5762962962962963
0.867579908675799 0.6701940035273368
0.860730593607306 0.7194656488549618
0.8538812785388128 0.7601626016260162
0.8447488584474886 0.7740585774058577
0.8378995433789954 0.7825159914712153
0.8356164383561644 0.7854077253218884
0.8333333333333334 0.7917570498915402
0.8242009132420092 0.7916666666666666
0.819634703196347 0.8013392857142857
0.815068493150685 0.8076923076923077
0.8082191780821918 0.8137931034482758
0.8082191780821918 0.8194444444444444
0.8036529680365296 0.8243559718969555
0.8013698630136986 0.833729216152019
0.8013698630136986 0.837708830548926
0.7876712328767124 0.8455882352941176
0.771689497716895 0.8688946015424165
0.7602739726027398 0.8809523809523809
0.7534246575342466 0.8823529411764706
0.7488584474885844 0.8864864864864865
0.7465753424657534 0.8861788617886179
0.7397260273972602 0.8901098901098901
0.7397260273972602 0.8901098901098901
0.7374429223744292 0.8922651933701657
0.7328767123287672 0.8941504178272981
0.726027397260274 0.895774647887324
0.726027397260274 0.8983050847457628
0.723744292237443 0.9005681818181818
0.723744292237443 0.9005681818181818
0.7214611872146118 0.9002849002849003
0.7168949771689498 0.9022988505747126
0.7146118721461188 0.9020172910662824
0.7054794520547946 0.9008746355685131
0.7009132420091324 0.9002932551319648
0.6940639269406392 0.8994082840236687
0.6917808219178082 0.8991097922848664
0.6917808219178082 0.9017857142857143
0.5799086757990868 0.8850174216027874
0.5799086757990868 0.8881118881118881
0.5776255707762558 0.887719298245614
0.5730593607305936 0.8900709219858156
0.5662100456621004 0.8953068592057761
0.5616438356164384 0.8945454545454545
0.5547945205479452 0.9
0.541095890410959 0.9080459770114943
0.5068493150684932 0.9098360655737705
0.4292237442922374 0.912621359223301
0.2054794520547945 0.967741935483871
